# i	1	2	3	4	5	6	7	8	9	10	11	12	13	14	15	16	17	18	19	20	21	22	23	24	25	26	27	28	29	30	31	32	33	34	35	36	37	38	39	40
1.0	0.2500000043922618	9.91977507238055e-8	-1.7599392772831707e-6	7.240033762033448e-7	1.1368118957146382e-7	2.265605579707629e-7	-2.160018390012135e-7	4.343670552613066e-8	8.272156521558669e-7	6.955378177203336e-9	2.497507799633534e-6	-1.053514103550938e-7	1.8518857993581046e-7	4.737393088119447e-8	8.950238581407481e-8	8.317922798818222e-8	4.483137980753122e-8	-8.485155877126227e-7	-1.286850898362366e-7	-0.005650438125126923	4.3602918400464826e-8	-1.5033033929561038e-7	7.628113140222465e-8	-5.821714199016993e-8	-4.831405122557193e-7	-1.1065564793548648e-8	-0.005204164799437888	-6.639050729199882e-8	-1.1238296578538265e-7	9.498079504930562e-8	-4.9058461052592136e-8	-2.3546555041249232e-7	-1.137859264540665e-8	-2.555519080231283e-8	-4.7931407671555396e-8	0.00027089334934818403	5.393695164673202e-8	-0.0016287034727899869	-1.5231205994765516e-7	-0.0025697139166201617
2.0	9.91977507238055e-8	0.2499999941983534	3.812073278703277e-6	8.186363977937695e-7	-1.3323671494413494e-7	4.3777655746589676e-7	2.2535227219493222e-7	5.194515051357993e-7	0.1331730742716042	7.802758191431693e-8	4.5718221328294056e-7	6.53772209736865e-9	2.589663991812785e-7	1.415109869247248e-9	2.5781313364402063e-7	9.915549459428703e-10	8.163438795768966e-8	2.998950739759597e-8	6.2272224603829976e-9	2.491724762171046e-6	1.2652993741981923e-9	3.085248702271505e-11	9.470623044609837e-10	-3.5105438426941795e-11	2.3502868187466172e-8	1.48957677751931e-11	2.3009652645843522e-6	2.007844525970307e-11	2.2205705969968907e-11	-1.5558088911145626e-11	-2.2317285291000055e-11	6.746351621457602e-11	1.3326527226007093e-11	-6.836208082945557e-9	9.543150318208486e-12	-3.836622994915221e-8	-5.285464847520474e-12	3.5501153178595234e-7	4.662615991931977e-11	4.446036650237855e-7
3.0	-1.7599392772831707e-6	3.812073278703277e-6	0.24999999207027074	2.304983701756764e-6	-5.622496318222294e-7	3.0665216217011084e-6	-2.1657175903761622e-8	-2.006756652493261e-6	7.790847190514253e-7	-1.3972326881642303e-6	1.190090641783333e-6	-1.8900883742093364e-8	2.4535931706111212e-6	-1.6120636081454545e-10	-1.046063744818752e-6	8.996546388940618e-8	-1.1844948988539017e-6	-0.0002564692976575113	1.872146822893149e-8	-0.0006625295036025973	-4.2610109971516384e-8	-1.3367228609512914e-8	1.0019286658122576e-7	-3.496850237521881e-8	-0.0002109037262782042	-3.081196186349023e-8	-0.0006107976395675668	-1.2130083684601489e-8	-1.6564192446006625e-8	3.458273945125068e-9	-3.1009490729335457e-8	-1.1851575851145964e-7	-2.6499147443491273e-8	7.34393393555079e-5	-3.147952177957326e-9	4.734948031513752e-5	2.3089701405525127e-9	0.00010696357829023358	-7.400172610573614e-8	-0.0003795064634009499
4.0	7.240033762033448e-7	8.186363977937695e-7	2.304983701756764e-6	0.24999998960051878	1.2376051392785594e-6	-3.5152862119509996e-7	-4.786246389673923e-7	1.2585370770092297e-7	1.4411721617029933e-6	-1.873069446984366e-7	0.12229585883286112	1.027164522925358e-7	1.3461711610441245e-7	-8.153906453517287e-10	7.302636453376224e-10	5.431567434129963e-10	-8.951496455565321e-8	1.9832852973042606e-8	1.051496569979369e-8	-6.387865376939903e-7	-6.727720156090262e-10	-3.109351093825911e-11	-3.7222096461121223e-10	-1.546427667129179e-11	1.571971342079847e-8	-1.9389517572441628e-12	-5.71723817195738e-7	-1.1016622843911535e-11	-2.2810796835999467e-11	1.9780545826620566e-11	-1.212863901181869e-11	-2.7981309161688118e-11	-2.874356655442152e-12	2.2529143675817336e-8	-7.65552135199886e-12	9.650337648332602e-9	1.2720604553648213e-11	-2.423847284416564e-7	-1.772634112336052e-11	-5.21270918936007e-7
5.0	1.1368118957146382e-7	-1.3323671494413494e-7	-5.622496318222294e-7	1.2376051392785594e-6	0.25000002320850223	4.2286145348349535e-7	-1.4120997916366573e-7	-4.259750427608418e-6	3.37539240676703e-8	-2.251107849303123e-7	8.865123818990771e-7	-4.587763860250321e-7	4.899552584705356e-7	-7.888657009274408e-7	-2.6550926748424476e-6	-1.0554495906930114e-6	-3.718615496815959e-7	0.00020265012456596442	-1.8629375634209292e-7	2.7060598139207464e-5	-6.874498699632013e-7	-5.335379312291187e-8	-7.358938188843215e-7	1.0482920264722291e-7	0.00013303834882686394	-1.3705762481304887e-8	7.777052867232554e-5	3.50689008256921e-8	-2.2403791963665046e-8	9.711280825969117e-8	5.557499763644127e-8	2.5104022020400726e-7	-3.113452942215069e-8	9.801196518966676e-5	4.9990911995178734e-8	-3.2303913359907474e-5	5.4800560156289656e-8	-0.001970210987990679	1.574225646331632e-7	0.0013158448604741915
6.0	2.265605579707629e-7	4.3777655746589676e-7	3.0665216217011084e-6	-3.5152862119509996e-7	4.2286145348349535e-7	0.2499999523134051	-4.634174014091256e-7	-1.3257197851654356e-7	3.557225922550535e-7	3.5126555956245155e-8	5.137851234545718e-9	2.446944242967124e-7	0.12301685394229858	-1.3867948922032499e-8	8.70591422823804e-8	1.1828115398074994e-8	1.558740280075929e-7	2.9026710510962374e-9	2.701054042762695e-7	-7.773186619694097e-7	-1.2286865889400304e-8	-7.421364681475227e-12	4.972278466825016e-9	-2.473385055089396e-11	-3.3884257200414786e-9	-1.3850360563456056e-11	-7.183299706479065e-7	-9.860650907099087e-12	-7.897047618725206e-12	1.017945048401635e-11	-1.709598407682244e-11	-3.8928046081965583e-11	-1.2316751548136766e-11	2.1538542373835098e-8	-6.740770556816258e-12	-4.496042584928609e-9	5.661093533673189e-12	-1.2623016338691903e-7	-2.497937755173346e-11	-3.71273008385e-7
7.0	-2.160018390012135e-7	2.2535227219493222e-7	-2.1657175903761622e-8	-4.786246389673923e-7	-1.4120997916366573e-7	-4.634174014091256e-7	0.2500000176407939	8.166301201442788e-6	5.996794118521402e-8	-1.0816485171390367e-7	-2.414104275124638e-7	1.630853858620483e-8	-2.65392066093619e-7	5.603184314064954e-7	3.4135711610297475e-6	-1.884887954911506e-6	2.3158361799338256e-8	-1.4429066059462622e-5	1.9406911384271695e-8	6.884054578907519e-5	3.4150553093629283e-7	-5.427747732655203e-7	-1.1237667939346942e-6	6.09271289128353e-8	-1.178877292674241e-5	-3.7467879795354845e-8	3.738905835261244e-5	-7.484687791198323e-8	-3.2547607799179785e-7	1.3699959440272068e-7	3.573457649184757e-8	1.0326525407448437e-8	-2.7084664985785248e-8	0.00011956342200203827	-5.654805482393724e-8	-0.0006946476836775844	7.244557484703112e-8	-0.0008893471712334202	9.769048366396795e-9	0.00013189387917013047
8.0	4.343670552613066e-8	5.194515051357993e-7	-2.006756652493261e-6	1.2585370770092297e-7	-4.259750427608418e-6	-1.3257197851654356e-7	8.166301201442788e-6	0.2499999841895416	5.803658286095619e-7	-3.6242449659145446e-7	1.4949654603596002e-7	5.400800178696422e-8	-2.9628663676365975e-8	-1.455994050224648e-7	0.12171345441139694	6.802368300459107e-7	-3.1614031548569706e-7	-1.1375299396011759e-8	5.435424124890935e-8	-7.835862033099578e-7	-4.6598630489151634e-8	-3.4762701171519797e-11	4.031802025054897e-7	-2.3997570922729994e-11	-3.860933008388379e-9	-1.1774467978726798e-11	-7.064551659012445e-7	-1.3202863567919327e-11	-3.228664679113243e-11	-1.6555807032312475e-12	-1.8203884753053176e-11	-5.020591647645895e-11	-9.033076053093581e-12	1.0046348855263435e-8	-1.0560166348438945e-11	3.07648588910975e-8	-1.9121509410810145e-12	-7.861666265030548e-8	-3.1654804353972966e-11	-3.9925867490097904e-7
9.0	8.272156521558669e-7	0.1331730742716042	7.790847190514253e-7	1.4411721617029933e-6	3.37539240676703e-8	3.557225922550535e-7	5.996794118521402e-8	5.803658286095619e-7	0.2500000175448599	3.0442736905768005e-7	9.423534582343664e-7	-3.033336992570996e-8	3.446668619426756e-7	5.730664648309944e-10	4.6595859622398385e-7	6.322045387065338e-10	2.576683217115262e-7	-1.7334306102378503e-8	-1.3123490841043306e-8	1.7146396639032309e-6	7.838800982737697e-10	1.5050733627821857e-11	1.8952630364393923e-10	-4.511358734482688e-11	-4.3758095203963146e-9	4.334842312175239e-12	1.5882370066170939e-6	1.2689464524095572e-11	9.978404015395376e-12	-3.0740676896922063e-12	-3.0578353101802396e-11	3.7662458723629574e-11	5.13649857880855e-12	2.1503847042555556e-9	4.934186648325011e-12	1.3470130293645348e-8	1.6009162341883362e-12	7.128630923928464e-8	2.7302959423133396e-11	1.223389685835027e-7
10.0	6.955378177203336e-9	7.802758191431693e-8	-1.3972326881642303e-6	-1.873069446984366e-7	-2.251107849303123e-7	3.5126555956245155e-8	-1.0816485171390367e-7	-3.6242449659145446e-7	3.0442736905768005e-7	0.25000001970800384	-6.18934542711777e-8	-3.278928722762562e-5	1.7908366413225293e-7	9.415774630693522e-8	-3.1574869835244495e-7	6.406282627759183e-7	0.1393953422785913	5.641966087548199e-8	-4.335281587857507e-5	-1.1074148602957239e-6	3.5170918824851495e-8	3.410748199668982e-10	5.194874624345515e-7	-5.7446240190086564e-11	8.113120397944829e-8	1.6611383135686102e-10	-1.0068938795154526e-6	1.1644033954893337e-12	2.1277252378924388e-11	1.8530267291924516e-11	-2.524041932979169e-10	-5.886727188461539e-11	1.4613705979562438e-10	-9.694837648216258e-8	1.353018271398812e-12	1.6018625356231348e-7	8.418934889623262e-12	-4.6544502194225053e-7	-3.159870467530384e-11	-3.058248167201411e-7
11.0	2.497507799633534e-6	4.5718221328294056e-7	1.190090641783333e-6	0.12229585883286112	8.865123818990771e-7	5.137851234545718e-9	-2.414104275124638e-7	1.4949654603596002e-7	9.423534582343664e-7	-6.18934542711777e-8	0.2500000685362205	1.9255831499221564e-7	4.2944321976328817e-7	-1.322700416393633e-9	-1.7417637680856354e-7	1.1039202842869358e-9	-1.2286910043312456e-7	2.5074122525209154e-8	8.381812017839264e-8	-7.076153106074205e-7	-2.7206942791902577e-9	-3.997247673042377e-11	1.1609169226463744e-9	-2.076430425280063e-11	1.7879509525763896e-8	-4.499393535609104e-12	-6.158743674804106e-7	-1.1826019141851816e-11	-2.7846902173030275e-11	2.4431807549263284e-11	-1.556444098288674e-11	-3.864544365610051e-11	-4.354979043529921e-12	4.5917578884438246e-8	-7.798145135283008e-12	-2.9025536216379452e-8	1.5343781450596403e-11	-2.5048951942903433e-7	-2.447864009630332e-11	-5.481655822300001e-7
12.0	-1.053514103550938e-7	6.53772209736865e-9	-1.8900883742093364e-8	1.027164522925358e-7	-4.587763860250321e-7	2.446944242967124e-7	1.630853858620483e-8	5.400800178696422e-8	-3.033336992570996e-8	-3.278928722762562e-5	1.9255831499221564e-7	0.25000010034489817	3.492205994134127e-7	2.0044436387053013e-9	7.721358200031087e-8	8.545262658650831e-8	-4.918951833456441e-5	-4.9315824198593134e-8	0.14860289447770547	1.126634223090269e-6	6.66222464155065e-8	3.675498397653373e-10	-9.852502686696701e-8	4.990623593208976e-10	-1.611048881492672e-8	4.819892827732057e-11	1.053244574455306e-6	3.857262180481079e-11	2.4729045487310857e-10	9.090037669850608e-12	3.15971369067647e-10	1.0007585916446742e-10	5.266754364541165e-11	3.6685465868774734e-8	3.307941353941457e-11	-1.3524909531180082e-7	8.609441992145414e-12	2.625301140976422e-7	6.431432566210503e-11	8.335402723961842e-8
13.0	1.8518857993581046e-7	2.589663991812785e-7	2.4535931706111212e-6	1.3461711610441245e-7	4.899552584705356e-7	0.12301685394229858	-2.65392066093619e-7	-2.9628663676365975e-8	3.446668619426756e-7	1.7908366413225293e-7	4.2944321976328817e-7	3.492205994134127e-7	0.2500000710965581	-5.5951264371734915e-8	2.7764417029347794e-7	1.9693339602214437e-8	3.302045615837996e-7	4.456835436380292e-9	3.7035322683894165e-7	-4.444412033566243e-7	-2.3704499271096847e-8	-1.1210611343435648e-11	7.624668579246264e-9	-3.555096060934978e-11	-1.1184133621770812e-9	-1.1906464239940631e-11	-4.1998137885164367e-7	-8.147327364875243e-12	-7.081209460432339e-12	6.498182566497099e-12	-2.3857235603594842e-11	-3.0223063115463865e-11	-9.296745404338077e-12	6.295744709163496e-9	-5.655473550997752e-12	-1.0149015121333102e-8	3.769242359937193e-12	-4.779109508165557e-8	-1.8850300640657275e-11	-2.9162056243025307e-7
14.0	4.737393088119447e-8	1.415109869247248e-9	-1.6120636081454545e-10	-8.153906453517287e-10	-7.888657009274408e-7	-1.3867948922032499e-8	5.603184314064954e-7	-1.455994050224648e-7	5.730664648309944e-10	9.415774630693522e-8	-1.322700416393633e-9	2.0044436387053013e-9	-5.5951264371734915e-8	0.25000008965413134	-4.0749910293540415e-7	-5.7074601165071285e-6	1.5211615024988951e-7	-1.0496481261007479e-7	-6.970611971131329e-8	5.920162085126998e-9	0.1220128696408101	2.382543794027486e-7	-8.604169430635284e-6	5.386825852931061e-8	-1.8892657452123882e-7	-1.929219863755193e-10	1.8098766907801668e-7	8.675751391215204e-11	2.043552259868037e-7	1.4415051190219546e-11	3.353540840656474e-8	5.82494246421227e-11	5.982577232249155e-11	-1.0811779367145392e-8	1.2176937713169329e-10	-1.3636874599362642e-7	2.1244959473605823e-11	8.53233096717321e-8	3.795753280178104e-11	-1.0164337592877187e-7
15.0	8.950238581407481e-8	2.5781313364402063e-7	-1.046063744818752e-6	7.302636453376224e-10	-2.6550926748424476e-6	8.70591422823804e-8	3.4135711610297475e-6	0.12171345441139694	4.6595859622398385e-7	-3.1574869835244495e-7	-1.7417637680856354e-7	7.721358200031087e-8	2.7764417029347794e-7	-4.0749910293540415e-7	0.25000008856416056	1.1897127712362786e-6	-3.6361786557136433e-7	-1.1607635116596871e-8	8.724539764393641e-8	-6.321268693776507e-7	-9.846003970137997e-8	-2.064082529610822e-11	5.196319784448529e-7	-3.3303581359027085e-11	-2.882178211981921e-9	-1.4468502366090368e-11	-5.589683611353216e-7	-5.972809465582633e-12	-2.7131720430430384e-11	-1.1483851885206275e-11	-2.3221840415191393e-11	-5.295636079285777e-11	-1.1270218105218463e-11	1.4054210232588306e-8	-1.2522933586145677e-11	2.9415794867906497e-8	-7.673802421180821e-12	1.7692279873347035e-8	-3.2676621185922115e-11	-3.489292166912211e-7
16.0	8.317922798818222e-8	9.915549459428703e-10	8.996546388940618e-8	5.431567434129963e-10	-1.0554495906930114e-6	1.1828115398074994e-8	-1.884887954911506e-6	6.802368300459107e-7	6.322045387065338e-10	6.406282627759183e-7	1.1039202842869358e-9	8.545262658650831e-8	1.9693339602214437e-8	-5.7074601165071285e-6	1.1897127712362786e-6	0.250000049035555	8.728521410906679e-7	-3.1996105005937834e-7	1.0181703361421247e-7	-6.381033802770282e-7	-5.0148456990980725e-6	1.8262088032665666e-7	0.13300354912430298	1.6389183655473142e-7	-5.115570847738434e-7	5.206319574567498e-11	-5.72714191406595e-7	2.4111146826384875e-11	1.4727006669312528e-7	-8.236904656282106e-11	1.0725680086477624e-7	-4.0579681826620366e-11	-5.644142209207629e-11	2.528055899984266e-9	-1.3099862945095168e-13	-3.769435069187557e-8	-4.7462933783994977e-11	5.590457847201126e-7	-2.2708407709046952e-11	-5.209642314856341e-7
17.0	4.483137980753122e-8	8.163438795768966e-8	-1.1844948988539017e-6	-8.951496455565321e-8	-3.718615496815959e-7	1.558740280075929e-7	2.3158361799338256e-8	-3.1614031548569706e-7	2.576683217115262e-7	0.1393953422785913	-1.2286910043312456e-7	-4.918951833456441e-5	3.302045615837996e-7	1.5211615024988951e-7	-3.6361786557136433e-7	8.728521410906679e-7	0.25000006620184284	1.0726186655269764e-7	-6.392248174324106e-5	-1.5860576535070455e-6	4.90339541483714e-9	3.7963395846168655e-10	6.745957352547375e-7	1.523032816984975e-10	1.1924658856253017e-7	2.3850064249149997e-10	-1.454676316351976e-6	-5.031174793569111e-13	-3.619882113485073e-10	3.547946423261003e-11	4.072571670230478e-11	-8.063775394888898e-11	1.473706250328878e-10	-1.6543212155650365e-7	4.655247557317693e-13	2.763199793059392e-7	2.2001418307659857e-11	-6.531873245239995e-7	-4.2626481810516455e-11	-4.6267131227330105e-7
18.0	-8.485155877126227e-7	2.998950739759597e-8	-0.0002564692976575113	1.9832852973042606e-8	0.00020265012456596442	2.9026710510962374e-9	-1.4429066059462622e-5	-1.1375299396011759e-8	-1.7334306102378503e-8	5.641966087548199e-8	2.5074122525209154e-8	-4.9315824198593134e-8	4.456835436380292e-9	-1.0496481261007479e-7	-1.1607635116596871e-8	-3.1996105005937834e-7	1.0726186655269764e-7	0.2500000372824654	-1.368084688990661e-7	1.2236866396227435e-5	-2.4285288157658396e-7	-2.413806456042834e-7	-9.450363344821058e-8	-2.9598226802265776e-7	0.1213943901373265	1.5016688074401865e-6	1.0161933979598332e-5	1.017965951221727e-7	-1.7815849292858182e-7	3.942962991296409e-8	-2.1948206975330731e-7	1.3085909726535314e-7	1.044458886434575e-6	-0.00012606781067024493	6.38706072146349e-8	-0.0004042912013919383	2.5019335441932788e-8	-0.00040125648019673893	9.098873200122947e-8	0.0001040864599138898
19.0	-1.286850898362366e-7	6.2272224603829976e-9	1.872146822893149e-8	1.051496569979369e-8	-1.8629375634209292e-7	2.701054042762695e-7	1.9406911384271695e-8	5.435424124890935e-8	-1.3123490841043306e-8	-4.335281587857507e-5	8.381812017839264e-8	0.14860289447770547	3.7035322683894165e-7	-6.970611971131329e-8	8.724539764393641e-8	1.0181703361421247e-7	-6.392248174324106e-5	-1.368084688990661e-7	0.2500000226747652	1.3628936472708278e-6	8.154388010775225e-8	9.428387115223716e-10	-1.0713280611311046e-7	4.891907921485985e-10	-3.445242686544393e-8	9.021352559599943e-11	1.4558958072901158e-6	5.502098072623139e-11	4.732939982872059e-10	9.588696053346932e-12	3.7482827473056267e-10	1.212962675096374e-10	9.473854698153875e-11	3.4876863244296115e-8	4.2460060060881925e-11	-2.0213229907380846e-7	1.112365466224903e-11	3.9110252487785637e-7	7.654540813727274e-11	2.181624159968568e-7
20.0	-0.005650438125126923	2.491724762171046e-6	-0.0006625295036025973	-6.387865376939903e-7	2.7060598139207464e-5	-7.773186619694097e-7	6.884054578907519e-5	-7.835862033099578e-7	1.7146396639032309e-6	-1.1074148602957239e-6	-7.076153106074205e-7	1.126634223090269e-6	-4.444412033566243e-7	5.920162085126998e-9	-6.321268693776507e-7	-6.381033802770282e-7	-1.5860576535070455e-6	1.2236866396227435e-5	1.3628936472708278e-6	0.249999900655955	-1.4229573798192879e-7	1.8595093580608534e-6	-5.952867106589012e-7	-6.467291605588702e-8	1.2076167344746029e-5	-2.0674013436946536e-8	0.12898573976995362	1.3860760976532743e-6	1.539475951770065e-6	-1.3672454747589574e-6	7.08060534440952e-8	3.5917689071685435e-6	6.351468989542358e-8	-0.00013304510142380348	8.19956129762907e-7	-0.004581816501663682	-7.026308385847061e-7	0.02575269634930969	2.3639362000553713e-6	0.03660588560065913
21.0	4.3602918400464826e-8	1.2652993741981923e-9	-4.2610109971516384e-8	-6.727720156090262e-10	-6.874498699632013e-7	-1.2286865889400304e-8	3.4150553093629283e-7	-4.6598630489151634e-8	7.838800982737697e-10	3.5170918824851495e-8	-2.7206942791902577e-9	6.66222464155065e-8	-2.3704499271096847e-8	0.1220128696408101	-9.846003970137997e-8	-5.0148456990980725e-6	4.90339541483714e-9	-2.4285288157658396e-7	8.154388010775225e-8	-1.4229573798192879e-7	0.2499999114419591	2.4680753860735136e-7	-7.889478530098124e-6	1.154053661711211e-7	-3.8167852269211475e-7	-1.0512301605662525e-11	7.486228518929158e-9	4.2120834760549775e-11	2.7276422440081645e-7	9.091605668122499e-12	6.492708197165144e-8	6.482669250289482e-11	4.298454641885028e-10	-2.1525384606778026e-8	6.568284673969978e-11	-1.6669030145223637e-7	-7.246885283023187e-12	1.1689326526063035e-7	3.818011393853926e-11	-2.5899744935227517e-7
22.0	-1.5033033929561038e-7	3.085248702271505e-11	-1.3367228609512914e-8	-3.109351093825911e-11	-5.335379312291187e-8	-7.421364681475227e-12	-5.427747732655203e-7	-3.4762701171519797e-11	1.5050733627821857e-11	3.410748199668982e-10	-3.997247673042377e-11	3.675498397653373e-10	-1.1210611343435648e-11	2.382543794027486e-7	-2.064082529610822e-11	1.8262088032665666e-7	3.7963395846168655e-10	-2.413806456042834e-7	9.428387115223716e-10	1.8595093580608534e-6	2.4680753860735136e-7	0.2499998597052366	3.24888417754547e-7	-2.007703262896556e-6	-3.286251871244376e-7	-7.405523338630413e-8	1.8806004275115433e-6	-1.6313730667834415e-8	0.12538082164010964	1.583757343651647e-7	-1.786738040467919e-6	-1.8725986190034105e-8	-1.245135840159875e-7	-9.742489699052808e-8	2.4761314210495738e-8	9.430993651667171e-8	8.740970215154497e-8	5.750638120385492e-7	-2.2220057799084452e-8	8.682377918348008e-7
23.0	7.628113140222465e-8	9.470623044609837e-10	1.0019286658122576e-7	-3.7222096461121223e-10	-7.358938188843215e-7	4.972278466825016e-9	-1.1237667939346942e-6	4.031802025054897e-7	1.8952630364393923e-10	5.194874624345515e-7	1.1609169226463744e-9	-9.852502686696701e-8	7.624668579246264e-9	-8.604169430635284e-6	5.196319784448529e-7	0.13300354912430298	6.745957352547375e-7	-9.450363344821058e-8	-1.0713280611311046e-7	-5.952867106589012e-7	-7.889478530098124e-6	3.24888417754547e-7	0.24999987221012224	3.558505476656503e-7	-1.5814927772738242e-7	4.1612668463811376e-11	-5.802555850199629e-7	2.7018889183566525e-11	2.35698615125388e-7	-1.2531867932444868e-10	1.6287289812582093e-7	-2.3718294495017294e-11	3.7558346248844026e-11	-2.4422517961852338e-8	5.989384195930337e-11	7.864425203469925e-8	-7.656631674292177e-11	6.38182303132137e-7	-1.322101711570338e-11	-5.581374109115675e-7
24.0	-5.821714199016993e-8	-3.5105438426941795e-11	-3.496850237521881e-8	-1.546427667129179e-11	1.0482920264722291e-7	-2.473385055089396e-11	6.09271289128353e-8	-2.3997570922729994e-11	-4.511358734482688e-11	-5.7446240190086564e-11	-2.076430425280063e-11	4.990623593208976e-10	-3.555096060934978e-11	5.386825852931061e-8	-3.3303581359027085e-11	1.6389183655473142e-7	1.523032816984975e-10	-2.9598226802265776e-7	4.891907921485985e-10	-6.467291605588702e-8	1.154053661711211e-7	-2.007703262896556e-6	3.558505476656503e-7	0.24999994992545008	-4.0660767657616235e-7	-7.704641673352597e-8	-1.2623327676435272e-7	4.945120330229364e-8	-1.3925362840664333e-6	2.2477889387705215e-7	0.13852308008447123	-1.2184064828331306e-8	-4.523849447388336e-8	4.329806478033621e-8	1.5248794514827375e-7	-2.589663728429692e-7	1.7180441261798516e-7	-1.3140909867994286e-6	1.1898839597234988e-8	6.144951554466023e-7
25.0	-4.831405122557193e-7	2.3502868187466172e-8	-0.0002109037262782042	1.571971342079847e-8	0.00013303834882686394	-3.3884257200414786e-9	-1.178877292674241e-5	-3.860933008388379e-9	-4.3758095203963146e-9	8.113120397944829e-8	1.7879509525763896e-8	-1.611048881492672e-8	-1.1184133621770812e-9	-1.8892657452123882e-7	-2.882178211981921e-9	-5.115570847738434e-7	1.1924658856253017e-7	0.1213943901373265	-3.445242686544393e-8	1.2076167344746029e-5	-3.8167852269211475e-7	-3.286251871244376e-7	-1.5814927772738242e-7	-4.0660767657616235e-7	0.24999992665828968	3.4216557786231156e-6	9.33920729503506e-6	9.33888710412918e-8	-2.6406181187368844e-7	7.048002495363539e-8	-2.538782000670824e-7	2.1100257865804315e-7	1.7602794875719051e-6	-0.00021889453602281933	9.058263443188805e-8	-0.0006645137064203874	4.976751998984053e-8	-0.000641945773903231	1.485512108318845e-7	0.00016515861416072113
26.0	-1.1065564793548648e-8	1.48957677751931e-11	-3.081196186349023e-8	-1.9389517572441628e-12	-1.3705762481304887e-8	-1.3850360563456056e-11	-3.7467879795354845e-8	-1.1774467978726798e-11	4.334842312175239e-12	1.6611383135686102e-10	-4.499393535609104e-12	4.819892827732057e-11	-1.1906464239940631e-11	-1.929219863755193e-10	-1.4468502366090368e-11	5.206319574567498e-11	2.3850064249149997e-10	1.5016688074401865e-6	9.021352559599943e-11	-2.0674013436946536e-8	-1.0512301605662525e-11	-7.405523338630413e-8	4.1612668463811376e-11	-7.704641673352597e-8	3.4216557786231156e-6	0.24999987551299102	-9.223495011642883e-7	1.060688325150072e-7	-1.0099440281259109e-7	3.092863747254605e-7	-3.47110382160784e-8	-2.80023373883196e-7	0.1212088171391122	-8.078470367926893e-7	1.9643420540969073e-7	-1.0889584889254444e-7	1.976894436618811e-7	3.9323839501142006e-7	-1.839100083622219e-7	7.862268839762034e-8
27.0	-0.005204164799437888	2.3009652645843522e-6	-0.0006107976395675668	-5.71723817195738e-7	7.777052867232554e-5	-7.183299706479065e-7	3.738905835261244e-5	-7.064551659012445e-7	1.5882370066170939e-6	-1.0068938795154526e-6	-6.158743674804106e-7	1.053244574455306e-6	-4.1998137885164367e-7	1.8098766907801668e-7	-5.589683611353216e-7	-5.72714191406595e-7	-1.454676316351976e-6	1.0161933979598332e-5	1.4558958072901158e-6	0.12898573976995362	7.486228518929158e-9	1.8806004275115433e-6	-5.802555850199629e-7	-1.2623327676435272e-7	9.33920729503506e-6	-9.223495011642883e-7	0.24999993825574457	2.322866808850848e-6	1.35071851745227e-6	-1.4702468513240474e-6	2.971788230597813e-8	3.3170117262343564e-6	-2.0949162255958333e-7	-0.0006574258315464689	1.0997651257048905e-6	-0.004827335562377765	-7.524250517328742e-7	0.02544967570133117	2.1486768982472804e-6	0.034599641328647526
28.0	-6.639050729199882e-8	2.007844525970307e-11	-1.2130083684601489e-8	-1.1016622843911535e-11	3.50689008256921e-8	-9.860650907099087e-12	-7.484687791198323e-8	-1.3202863567919327e-11	1.2689464524095572e-11	1.1644033954893337e-12	-1.1826019141851816e-11	3.857262180481079e-11	-8.147327364875243e-12	8.675751391215204e-11	-5.972809465582633e-12	2.4111146826384875e-11	-5.031174793569111e-13	1.017965951221727e-7	5.502098072623139e-11	1.3860760976532743e-6	4.2120834760549775e-11	-1.6313730667834415e-8	2.7018889183566525e-11	4.945120330229364e-8	9.33888710412918e-8	1.060688325150072e-7	2.322866808850848e-6	0.24999993282552116	-9.273585213620799e-8	-2.1202952615764596e-7	1.1492101617401144e-7	-2.3655547239792574e-8	8.509603067357631e-8	1.5382568422071205e-8	0.12664698610741265	3.920072695800056e-7	-1.5151483093505728e-7	6.613881936066089e-7	-6.312241917207421e-8	8.61883442992916e-7
29.0	-1.1238296578538265e-7	2.2205705969968907e-11	-1.6564192446006625e-8	-2.2810796835999467e-11	-2.2403791963665046e-8	-7.897047618725206e-12	-3.2547607799179785e-7	-3.228664679113243e-11	9.978404015395376e-12	2.1277252378924388e-11	-2.7846902173030275e-11	2.4729045487310857e-10	-7.081209460432339e-12	2.043552259868037e-7	-2.7131720430430384e-11	1.4727006669312528e-7	-3.619882113485073e-10	-1.7815849292858182e-7	4.732939982872059e-10	1.539475951770065e-6	2.7276422440081645e-7	0.12538082164010964	2.35698615125388e-7	-1.3925362840664333e-6	-2.6406181187368844e-7	-1.0099440281259109e-7	1.35071851745227e-6	-9.273585213620799e-8	0.24999987017840458	3.4601694030899147e-7	-1.0285787539864174e-6	-1.3544500032374532e-8	-2.134305608640185e-7	-9.621210755178985e-8	2.1129368921026243e-8	1.6607774843317082e-7	1.9374388684172478e-7	6.039270226936661e-7	-1.0071715959929147e-8	8.124620651637594e-7
30.0	9.498079504930562e-8	-1.5558088911145626e-11	3.458273945125068e-9	1.9780545826620566e-11	9.711280825969117e-8	1.017945048401635e-11	1.3699959440272068e-7	-1.6555807032312475e-12	-3.0740676896922063e-12	1.8530267291924516e-11	2.4431807549263284e-11	9.090037669850608e-12	6.498182566497099e-12	1.4415051190219546e-11	-1.1483851885206275e-11	-8.236904656282106e-11	3.547946423261003e-11	3.942962991296409e-8	9.588696053346932e-12	-1.3672454747589574e-6	9.091605668122499e-12	1.583757343651647e-7	-1.2531867932444868e-10	2.2477889387705215e-7	7.048002495363539e-8	3.092863747254605e-7	-1.4702468513240474e-6	-2.1202952615764596e-7	3.4601694030899147e-7	0.24999982366955087	2.084109050422869e-7	2.0060048654298168e-7	3.9333506991583167e-7	-2.70398581048136e-7	-7.574615825992336e-8	-5.344639774013299e-7	0.12233183121562231	-5.275277588687502e-7	1.0099532847844313e-7	-9.48401045793569e-7
31.0	-4.9058461052592136e-8	-2.2317285291000055e-11	-3.1009490729335457e-8	-1.212863901181869e-11	5.557499763644127e-8	-1.709598407682244e-11	3.573457649184757e-8	-1.8203884753053176e-11	-3.0578353101802396e-11	-2.524041932979169e-10	-1.556444098288674e-11	3.15971369067647e-10	-2.3857235603594842e-11	3.353540840656474e-8	-2.3221840415191393e-11	1.0725680086477624e-7	4.072571670230478e-11	-2.1948206975330731e-7	3.7482827473056267e-10	7.08060534440952e-8	6.492708197165144e-8	-1.786738040467919e-6	1.6287289812582093e-7	0.13852308008447123	-2.538782000670824e-7	-3.47110382160784e-8	2.971788230597813e-8	1.1492101617401144e-7	-1.0285787539864174e-6	2.084109050422869e-7	0.24999983949376303	3.391702768657959e-8	-4.0562738941844124e-8	2.971620700643959e-8	2.0782533295639423e-7	-1.9487475975979472e-7	1.4114087257419325e-7	-1.6553202317358485e-6	3.284478547323808e-8	5.08743923986659e-7
32.0	-2.3546555041249232e-7	6.746351621457602e-11	-1.1851575851145964e-7	-2.7981309161688118e-11	2.5104022020400726e-7	-3.8928046081965583e-11	1.0326525407448437e-8	-5.020591647645895e-11	3.7662458723629574e-11	-5.886727188461539e-11	-3.864544365610051e-11	1.0007585916446742e-10	-3.0223063115463865e-11	5.82494246421227e-11	-5.295636079285777e-11	-4.0579681826620366e-11	-8.063775394888898e-11	1.3085909726535314e-7	1.212962675096374e-10	3.5917689071685435e-6	6.482669250289482e-11	-1.8725986190034105e-8	-2.3718294495017294e-11	-1.2184064828331306e-8	2.1100257865804315e-7	-2.80023373883196e-7	3.3170117262343564e-6	-2.3655547239792574e-8	-1.3544500032374532e-8	2.0060048654298168e-7	3.391702768657959e-8	0.24999990382374998	-3.1822115025958303e-7	-1.7234025145626068e-7	-8.220811633031806e-8	-9.694990417686396e-7	3.653976036265581e-7	-4.544114731209073e-6	0.1309769788977724	-5.914307223168258e-6
33.0	-1.137859264540665e-8	1.3326527226007093e-11	-2.6499147443491273e-8	-2.874356655442152e-12	-3.113452942215069e-8	-1.2316751548136766e-11	-2.7084664985785248e-8	-9.033076053093581e-12	5.13649857880855e-12	1.4613705979562438e-10	-4.354979043529921e-12	5.266754364541165e-11	-9.296745404338077e-12	5.982577232249155e-11	-1.1270218105218463e-11	-5.644142209207629e-11	1.473706250328878e-10	1.044458886434575e-6	9.473854698153875e-11	6.351468989542358e-8	4.298454641885028e-10	-1.245135840159875e-7	3.7558346248844026e-11	-4.523849447388336e-8	1.7602794875719051e-6	0.1212088171391122	-2.0949162255958333e-7	8.509603067357631e-8	-2.134305608640185e-7	3.9333506991583167e-7	-4.0562738941844124e-8	-3.1822115025958303e-7	0.24999988039501878	-1.785843929296308e-6	1.6554365219803537e-7	-2.6981919835407927e-7	2.1141256958012001e-7	5.718130089354309e-7	-2.416589289043842e-7	2.3531390023881958e-7
34.0	-2.555519080231283e-8	-6.836208082945557e-9	7.34393393555079e-5	2.2529143675817336e-8	9.801196518966676e-5	2.1538542373835098e-8	0.00011956342200203827	1.0046348855263435e-8	2.1503847042555556e-9	-9.694837648216258e-8	4.5917578884438246e-8	3.6685465868774734e-8	6.295744709163496e-9	-1.0811779367145392e-8	1.4054210232588306e-8	2.528055899984266e-9	-1.6543212155650365e-7	-0.00012606781067024493	3.4876863244296115e-8	-0.00013304510142380348	-2.1525384606778026e-8	-9.742489699052808e-8	-2.4422517961852338e-8	4.329806478033621e-8	-0.00021889453602281933	-8.078470367926893e-7	-0.0006574258315464689	1.5382568422071205e-8	-9.621210755178985e-8	-2.70398581048136e-7	2.971620700643959e-8	-1.7234025145626068e-7	-1.785843929296308e-6	0.24999987117413142	3.2104106215168816e-8	3.894291173982464e-7	-2.6397106204988324e-7	6.780567805527998e-7	-5.364816264676959e-8	-6.257711989123567e-7
35.0	-4.7931407671555396e-8	9.543150318208486e-12	-3.147952177957326e-9	-7.65552135199886e-12	4.9990911995178734e-8	-6.740770556816258e-12	-5.654805482393724e-8	-1.0560166348438945e-11	4.934186648325011e-12	1.353018271398812e-12	-7.798145135283008e-12	3.307941353941457e-11	-5.655473550997752e-12	1.2176937713169329e-10	-1.2522933586145677e-11	-1.3099862945095168e-13	4.655247557317693e-13	6.38706072146349e-8	4.2460060060881925e-11	8.19956129762907e-7	6.568284673969978e-11	2.4761314210495738e-8	5.989384195930337e-11	1.5248794514827375e-7	9.058263443188805e-8	1.9643420540969073e-7	1.0997651257048905e-6	0.12664698610741265	2.1129368921026243e-8	-7.574615825992336e-8	2.0782533295639423e-7	-8.220811633031806e-8	1.6554365219803537e-7	3.2104106215168816e-8	0.24999982883430608	1.2280483472953903e-6	4.459518616205018e-9	8.609355888696e-7	-1.3084692090861834e-7	7.770967931482354e-7
36.0	0.00027089334934818403	-3.836622994915221e-8	4.734948031513752e-5	9.650337648332602e-9	-3.2303913359907474e-5	-4.496042584928609e-9	-0.0006946476836775844	3.07648588910975e-8	1.3470130293645348e-8	1.6018625356231348e-7	-2.9025536216379452e-8	-1.3524909531180082e-7	-1.0149015121333102e-8	-1.3636874599362642e-7	2.9415794867906497e-8	-3.769435069187557e-8	2.763199793059392e-7	-0.0004042912013919383	-2.0213229907380846e-7	-0.004581816501663682	-1.6669030145223637e-7	9.430993651667171e-8	7.864425203469925e-8	-2.589663728429692e-7	-0.0006645137064203874	-1.0889584889254444e-7	-0.004827335562377765	3.920072695800056e-7	1.6607774843317082e-7	-5.344639774013299e-7	-1.9487475975979472e-7	-9.694990417686396e-7	-2.6981919835407927e-7	3.894291173982464e-7	1.2280483472953903e-6	0.24999983704880738	-1.3382058916099336e-6	4.854771792538615e-6	-1.3710587349671777e-6	5.627675028902965e-6
37.0	5.393695164673202e-8	-5.285464847520474e-12	2.3089701405525127e-9	1.2720604553648213e-11	5.4800560156289656e-8	5.661093533673189e-12	7.244557484703112e-8	-1.9121509410810145e-12	1.6009162341883362e-12	8.418934889623262e-12	1.5343781450596403e-11	8.609441992145414e-12	3.769242359937193e-12	2.1244959473605823e-11	-7.673802421180821e-12	-4.7462933783994977e-11	2.2001418307659857e-11	2.5019335441932788e-8	1.112365466224903e-11	-7.026308385847061e-7	-7.246885283023187e-12	8.740970215154497e-8	-7.656631674292177e-11	1.7180441261798516e-7	4.976751998984053e-8	1.976894436618811e-7	-7.524250517328742e-7	-1.5151483093505728e-7	1.9374388684172478e-7	0.12233183121562231	1.4114087257419325e-7	3.653976036265581e-7	2.1141256958012001e-7	-2.6397106204988324e-7	4.459518616205018e-9	-1.3382058916099336e-6	0.24999981365583873	-1.991117488932972e-6	2.251980252404407e-7	-1.1553831131750642e-6
38.0	-0.0016287034727899869	3.5501153178595234e-7	0.00010696357829023358	-2.423847284416564e-7	-0.001970210987990679	-1.2623016338691903e-7	-0.0008893471712334202	-7.861666265030548e-8	7.128630923928464e-8	-4.6544502194225053e-7	-2.5048951942903433e-7	2.625301140976422e-7	-4.779109508165557e-8	8.53233096717321e-8	1.7692279873347035e-8	5.590457847201126e-7	-6.531873245239995e-7	-0.00040125648019673893	3.9110252487785637e-7	0.02575269634930969	1.1689326526063035e-7	5.750638120385492e-7	6.38182303132137e-7	-1.3140909867994286e-6	-0.000641945773903231	3.9323839501142006e-7	0.02544967570133117	6.613881936066089e-7	6.039270226936661e-7	-5.275277588687502e-7	-1.6553202317358485e-6	-4.544114731209073e-6	5.718130089354309e-7	6.780567805527998e-7	8.609355888696e-7	4.854771792538615e-6	-1.991117488932972e-6	0.24999977713634142	-1.2999102518792367e-5	1.2247633735992455e-5
39.0	-1.5231205994765516e-7	4.662615991931977e-11	-7.400172610573614e-8	-1.772634112336052e-11	1.574225646331632e-7	-2.497937755173346e-11	9.769048366396795e-9	-3.1654804353972966e-11	2.7302959423133396e-11	-3.159870467530384e-11	-2.447864009630332e-11	6.431432566210503e-11	-1.8850300640657275e-11	3.795753280178104e-11	-3.2676621185922115e-11	-2.2708407709046952e-11	-4.2626481810516455e-11	9.098873200122947e-8	7.654540813727274e-11	2.3639362000553713e-6	3.818011393853926e-11	-2.2220057799084452e-8	-1.322101711570338e-11	1.1898839597234988e-8	1.485512108318845e-7	-1.839100083622219e-7	2.1486768982472804e-6	-6.312241917207421e-8	-1.0071715959929147e-8	1.0099532847844313e-7	3.284478547323808e-8	0.1309769788977724	-2.416589289043842e-7	-5.364816264676959e-8	-1.3084692090861834e-7	-1.3710587349671777e-6	2.251980252404407e-7	-1.2999102518792367e-5	0.2499998097848301	-1.1389692108597859e-5
40.0	-0.0025697139166201617	4.446036650237855e-7	-0.0003795064634009499	-5.21270918936007e-7	0.0013158448604741915	-3.71273008385e-7	0.00013189387917013047	-3.9925867490097904e-7	1.223389685835027e-7	-3.058248167201411e-7	-5.481655822300001e-7	8.335402723961842e-8	-2.9162056243025307e-7	-1.0164337592877187e-7	-3.489292166912211e-7	-5.209642314856341e-7	-4.6267131227330105e-7	0.0001040864599138898	2.181624159968568e-7	0.03660588560065913	-2.5899744935227517e-7	8.682377918348008e-7	-5.581374109115675e-7	6.144951554466023e-7	0.00016515861416072113	7.862268839762034e-8	0.034599641328647526	8.61883442992916e-7	8.124620651637594e-7	-9.48401045793569e-7	5.08743923986659e-7	-5.914307223168258e-6	2.3531390023881958e-7	-6.257711989123567e-7	7.770967931482354e-7	5.627675028902965e-6	-1.1553831131750642e-6	1.2247633735992455e-5	-1.1389692108597859e-5	0.24999979222305763
