# i	1	2	3	4	5	6	7	8	9	10	11	12	13	14	15	16	17	18	19	20	21	22	23	24	25	26	27	28	29	30	31	32	33	34	35	36	37	38	39	40
1.0	0.2500000210641934	0.1603546776508161	3.654915301504994e-5	2.7460199395586378e-5	1.9484054929250667e-5	1.5418247200827774e-5	-2.253079605545036e-6	-2.1384781834500956e-6	3.6678210357309835e-5	2.7017297334218718e-5	1.1824750698260445e-6	1.1926450699334618e-6	-2.3689241759908863e-6	-2.493349443195133e-6	-0.03039354488066371	-0.036669762098860956	-1.1946432315814663e-6	-9.293408981883577e-7	4.003174785355822e-7	6.829340955689844e-7	0.12437750510018442	0.1384749567076771	-5.196782859609111e-6	-6.511700871230664e-6	2.8082899346326006e-6	2.3848140320095745e-6	-2.7521137366968897e-6	-2.8337263534138762e-6	1.512364228744477e-7	1.4411170208734891e-7	-5.979904895652148e-6	-7.815451554359333e-6	2.9484792351632376e-9	-6.535142573257203e-8	-1.360429256715742e-7	-8.232403582927891e-8	3.968836766277497e-7	8.317661458242653e-7	-0.07603493493074315	-0.11504316836887638
2.0	0.1603546776508161	0.2500000504186822	3.547493799109504e-5	2.006272878946717e-5	1.4239744779416208e-5	1.0878678579130171e-5	-1.9337472277682776e-6	-2.427805124341018e-6	3.685205969329957e-5	2.1829785885328287e-5	6.171383766760109e-7	6.738452559484776e-7	-2.2878253218061215e-6	-2.3398033306561524e-6	-0.01960423299723313	-0.023568128081374113	-8.103410749827286e-7	-6.757071872275089e-7	2.153461117707404e-7	3.9462840091352297e-7	0.08011471064364173	0.08888652817909706	-3.3336602843700842e-6	-4.1740628218265315e-6	1.730923351642349e-6	1.4312425452283478e-6	-1.7754329682164306e-6	-1.8225879476890805e-6	9.908352755137154e-8	9.554106483082928e-8	-3.839057818135481e-6	-5.013869249377265e-6	4.161024215455497e-9	-4.107506826996856e-8	-8.727211234515981e-8	-5.310741600277348e-8	2.548259868776783e-7	5.331588257887192e-7	-0.04881073932139698	-0.0737909866133531
3.0	3.654915301504994e-5	3.547493799109504e-5	0.25000005128539987	0.15235740664058256	-6.550689153674966e-6	-5.618071138365078e-6	1.3247530253621478e-6	1.4698429764264361e-6	0.12856060029910132	0.08945655950201045	-3.164826494286312e-7	-1.9969483318838142e-7	9.144328161663445e-7	8.222421271516085e-7	-6.119136308062393e-6	-7.289233588588253e-6	8.8990547461562e-8	5.5335334403326364e-8	8.029333570169691e-11	1.5582600646302241e-10	2.2408267722038697e-5	2.4904841354122484e-5	-9.470011147332883e-10	-1.183576303500186e-9	5.490032643976466e-10	4.674592926190171e-10	-4.950957011390587e-10	-5.102499016018265e-10	3.4724837596756714e-11	3.4864097135299506e-11	-1.1386442845932104e-9	-1.4846338871538132e-9	1.254024208232656e-12	-8.942483103751845e-12	1.8951940219971224e-11	3.9479691005765357e-11	7.578900417741667e-11	1.5649311174657505e-10	-1.3641266050555884e-5	-2.0639239802312468e-5
4.0	2.7460199395586378e-5	2.006272878946717e-5	0.15235740664058256	0.2500001385332466	-8.471045797897442e-6	-4.356556683236108e-6	1.1809228551932366e-6	1.4024030678425849e-6	0.09112654278543826	0.06209182817135994	7.233374111839533e-8	2.0191247566112447e-8	9.393502794395883e-7	5.151774723220102e-7	-4.536082341548373e-6	-5.313177962149498e-6	-1.3709105665485184e-9	1.2203350139088044e-8	2.87567465534547e-11	4.7526474528571555e-11	1.6644112235615602e-5	1.8370405657820786e-5	-7.079480042298398e-10	-8.780588678742073e-10	4.2880642278923454e-10	3.653060204860893e-10	-3.6061125166738937e-10	-3.710853092362321e-10	2.8478696909192376e-11	2.831105093685091e-11	-8.499171457310931e-10	-1.1050500160826975e-9	-5.1100410995147e-12	-1.2185615431597001e-11	1.896315501969182e-11	3.473546469406105e-11	5.984635834762719e-11	1.2088163972305948e-10	-1.0049502410801696e-5	-1.5198379077995184e-5
5.0	1.9484054929250667e-5	1.4239744779416208e-5	-6.550689153674966e-6	-8.471045797897442e-6	0.25000012260030247	0.15952623762349433	2.1417911243344103e-6	1.9853562123978137e-6	-3.684288877134794e-6	-2.2631055930262545e-6	-9.476179477169999e-7	-9.491993151756182e-7	-3.5088857479525626e-7	-3.846579937442996e-7	1.6438917375757783e-6	1.7461194074374954e-6	1.8832690886167455e-7	9.278997467938992e-8	4.751082215723342e-11	2.7327868667818504e-11	1.4487502407402555e-5	1.6088666602345066e-5	-6.548939951325575e-10	-8.168283002151383e-10	2.8831666828428684e-10	1.3782188353380403e-10	-3.082317774121687e-10	-3.1367339408003096e-10	1.9469382115836464e-11	1.9049007101167656e-11	-7.42300623612467e-10	-9.702656560542206e-10	-4.254348323381187e-11	-4.9069999370008e-11	3.483094882662749e-11	4.9976435033533755e-11	6.330116251665997e-11	1.2157534301233105e-10	-8.834067458406664e-6	-1.336975897881203e-5
6.0	1.5418247200827774e-5	1.0878678579130171e-5	-5.618071138365078e-6	-4.356556683236108e-6	0.15952623762349433	0.25000005662645386	2.6479051721181173e-6	1.8157530286081067e-6	-3.0890105037042555e-6	-1.909997041985023e-6	-6.839229589086139e-7	-7.31971019422926e-7	-4.4299760551584786e-7	-3.369397417648634e-7	1.6675820027789898e-6	1.7387047822157435e-6	1.713963397676153e-7	1.0082093060340664e-7	1.4719146812812136e-11	-1.4527223310127796e-11	1.1493536127203723e-5	1.269043933032808e-5	-5.356646536422727e-10	-6.497635620633454e-10	2.244135548649575e-10	1.3471294860440853e-10	-2.4491360001886514e-10	-2.4806043626185373e-10	1.6703557406787013e-11	1.625082309918287e-11	-6.005753737325622e-10	-7.800791142482434e-10	-3.90190426330197e-11	-4.4344044961420246e-11	3.654755821540373e-11	5.021665185320731e-11	5.285703262747218e-11	9.863547789453884e-11	-6.979577089460143e-6	-1.0560812620454156e-5
7.0	-2.253079605545036e-6	-1.9337472277682776e-6	1.3247530253621478e-6	1.1809228551932366e-6	2.1417911243344103e-6	2.6479051721181173e-6	0.2500000538300463	0.1964824705421932	1.1263679051317635e-6	9.683680933544978e-7	3.416695506015962e-7	3.7225432957229405e-7	0.0008397558954090247	0.0008164660135586992	1.5813061391438854e-6	1.7724581377048386e-6	4.3127775017856463e-7	3.222522123865413e-7	9.92206380261495e-10	-4.4745569736621226e-10	-1.3011891221293195e-6	-1.4241742414544373e-6	9.80521256336691e-11	1.1242722417618291e-10	8.195861970836299e-10	4.979798741955325e-10	2.356281438825785e-11	2.3986689961622104e-11	-7.008856669078398e-12	-6.5528227447878206e-12	9.378318808001309e-11	1.2321290436117324e-10	1.8891432015461917e-11	1.7337375680634712e-11	-8.50116222294915e-12	-1.200596560041877e-11	-1.552595385870181e-11	-2.5890189702454468e-11	8.144313992303445e-7	1.2273157893872392e-6
8.0	-2.1384781834500956e-6	-2.427805124341018e-6	1.4698429764264361e-6	1.4024030678425849e-6	1.9853562123978137e-6	1.8157530286081067e-6	0.1964824705421932	0.25000007509962546	1.1571664208042233e-6	1.053792617483791e-6	3.8401231555778214e-7	4.060691211146166e-7	0.0008277203969520855	0.0008042758734001902	2.0314086114311437e-6	1.7901331492456145e-6	4.174611379698251e-7	3.027048787699396e-7	1.0120553187662255e-9	-2.624918600447668e-10	-1.3019119334635716e-6	-1.4090147003430712e-6	9.289351686259993e-11	1.0952030091446222e-10	8.899749279201036e-10	4.6003262016049517e-10	2.3557194200890056e-11	2.3742998557643395e-11	-7.502733710815113e-12	-6.9940941977096e-12	9.316411886842257e-11	1.2216211565468477e-10	1.9059800668041387e-11	1.7313562136716716e-11	-8.368584570116968e-12	-1.1767849345723904e-11	-1.51095892998218e-11	-2.5512807425122157e-11	8.116395921874588e-7	1.222842855827456e-6
9.0	3.6678210357309835e-5	3.685205969329957e-5	0.12856060029910132	0.09112654278543826	-3.684288877134794e-6	-3.0890105037042555e-6	1.1263679051317635e-6	1.1571664208042233e-6	0.25000009734939865	0.14988529528369635	-2.8417769922466475e-7	-2.6751677777221946e-7	1.1353997497278573e-6	1.0456915054787993e-6	-7.0661975636183e-6	-8.58372268267121e-6	1.0703189968988218e-7	8.58417642888183e-8	3.031275391854562e-11	1.2121329905367483e-10	2.576471684907011e-5	2.8627636145047703e-5	-1.0678833527250291e-9	-1.3377930404136624e-9	5.714688561850246e-10	4.682773190115076e-10	-5.784007347278419e-10	-5.932846132141959e-10	3.9597030354762e-11	3.9298214906380596e-11	-1.2772704803897255e-9	-1.6668355700261434e-9	-8.203218513449635e-13	-1.4111161274251068e-11	1.94687858636827e-12	2.018384912737627e-11	8.339464840220706e-11	1.7435864830230256e-10	-1.5693527895441668e-5	-2.3728585804262643e-5
10.0	2.7017297334218718e-5	2.1829785885328287e-5	0.08945655950201045	0.06209182817135994	-2.2631055930262545e-6	-1.909997041985023e-6	9.683680933544978e-7	1.053792617483791e-6	0.14988529528369635	0.2500001399350117	-4.7055875794688076e-7	-2.795547224621655e-7	8.911200489955895e-7	7.64497537585002e-7	-4.991331487427142e-6	-6.083182987906958e-6	1.7233884219267705e-7	1.1912163058335769e-7	-9.334636802328639e-11	2.2093512802261635e-11	1.8864731143400215e-5	2.0860645785908622e-5	-7.766771924869706e-10	-9.7276254083552e-10	4.3094740587413274e-10	3.7201691204754686e-10	-4.4197748967213657e-10	-4.4234623097657665e-10	3.095732006091329e-11	3.073387932469499e-11	-9.357687624012216e-10	-1.2211681511579396e-9	-3.7480929831413524e-12	-1.4293362066022505e-11	8.361762991954535e-12	2.2067107554390223e-11	6.25713116531775e-11	1.2824873314128018e-10	-1.1458698131829725e-5	-1.7279088358797355e-5
11.0	1.1824750698260445e-6	6.171383766760109e-7	-3.164826494286312e-7	7.233374111839533e-8	-9.476179477169999e-7	-6.839229589086139e-7	3.416695506015962e-7	3.8401231555778214e-7	-2.8417769922466475e-7	-4.7055875794688076e-7	0.25000019054797584	0.14487429424425682	2.895033867856631e-7	1.5758153720624432e-7	1.621131874296821e-7	2.2721969254110793e-7	4.248898549406718e-6	3.158488538456211e-6	-4.8824776406884725e-11	-8.332736481548619e-11	8.649922297242568e-7	9.390079202601996e-7	-5.1648282283027706e-11	-6.246512092656066e-11	1.928518285096549e-10	9.878048448124891e-11	-1.1979362088422015e-11	-1.360793772080747e-11	3.2651085854492525e-12	3.527564914816213e-12	-4.9533703305902875e-11	-6.408507512485427e-11	-5.77830570037203e-12	-6.783507556116027e-12	3.720982054335103e-12	5.312969790070009e-12	5.313472168393804e-12	9.699591603644415e-12	-5.192275586048256e-7	-7.851976048838792e-7
12.0	1.1926450699334618e-6	6.738452559484776e-7	-1.9969483318838142e-7	2.0191247566112447e-8	-9.491993151756182e-7	-7.31971019422926e-7	3.7225432957229405e-7	4.060691211146166e-7	-2.6751677777221946e-7	-2.795547224621655e-7	0.14487429424425682	0.2500002346944009	1.2299914818849824e-7	-2.6710720651823846e-7	2.996037814722439e-7	2.894565905719405e-7	3.5648821713530435e-6	2.502127381707414e-6	-2.987622155412319e-10	-4.431238189870494e-10	8.856122120363893e-7	9.452475210755949e-7	-4.9826900898669146e-11	-5.935762626808192e-11	1.9945168616805422e-10	1.7674185917535218e-10	-8.592704851927456e-12	-1.0536740276696673e-11	2.558258430507085e-12	2.6619562813521844e-12	-5.0110400650007696e-11	-6.405222604535345e-11	-8.245224120255045e-12	-8.864079714424594e-12	5.128792994398156e-12	6.847142615920837e-12	4.8815751460194776e-12	9.974701795850434e-12	-5.148493288818527e-7	-7.792481601951887e-7
13.0	-2.3689241759908863e-6	-2.2878253218061215e-6	9.144328161663445e-7	9.393502794395883e-7	-3.5088857479525626e-7	-4.4299760551584786e-7	0.0008397558954090247	0.0008277203969520855	1.1353997497278573e-6	8.911200489955895e-7	2.895033867856631e-7	1.2299914818849824e-7	0.25000031905685804	0.14188760035284492	4.375489086035016e-6	4.737046151620759e-6	3.021054528208724e-7	2.6411666986690106e-7	-1.0861121791526779e-10	-4.3203109689286105e-10	-1.8455741822269677e-6	-2.037256274283955e-6	-1.268220284841195e-10	-9.663839039580042e-11	-9.452379165985888e-10	-7.767552632064545e-10	1.1341927713346298e-10	1.2067511702635375e-10	-1.0653959045304347e-11	-1.0826144549160246e-11	5.521434945000099e-11	6.998714308628615e-11	2.818048043914886e-11	3.068067420607387e-11	6.137915335117005e-12	8.093964489554322e-12	-3.289516157726438e-12	-6.482536901020263e-12	1.1270202880724292e-6	1.70277233968176e-6
14.0	-2.493349443195133e-6	-2.3398033306561524e-6	8.222421271516085e-7	5.151774723220102e-7	-3.846579937442996e-7	-3.369397417648634e-7	0.0008164660135586992	0.0008042758734001902	1.0456915054787993e-6	7.64497537585002e-7	1.5758153720624432e-7	-2.6710720651823846e-7	0.14188760035284492	0.25000034345877825	5.491801667570379e-6	4.910939401201769e-6	4.0011712673067933e-7	3.180969472617281e-7	1.8446034051445675e-10	-1.2838655640570658e-9	-1.7417101118730662e-6	-2.0010428461162885e-6	-1.0227844836625553e-10	-1.0371067316812585e-10	-2.8300281419739806e-10	-3.755041508838618e-10	1.0647495503068943e-10	1.0878803375806444e-10	-1.0370195194098527e-11	-1.0452045277514143e-11	5.7675699986937294e-11	7.31158387725337e-11	2.5127077881225964e-11	2.6387843095169725e-11	5.1075817812037994e-12	6.606710542773335e-12	-7.871176626406508e-13	-3.669140506581272e-12	1.1109796952281127e-6	1.682272670940255e-6
15.0	-0.03039354488066371	-0.01960423299723313	-6.119136308062393e-6	-4.536082341548373e-6	1.6438917375757783e-6	1.6675820027789898e-6	1.5813061391438854e-6	2.0314086114311437e-6	-7.0661975636183e-6	-4.991331487427142e-6	1.621131874296821e-7	2.996037814722439e-7	4.375489086035016e-6	5.491801667570379e-6	0.25000030979644394	0.16043097028180847	-1.064105108575367e-6	-8.415887408352862e-7	-3.429416833605854e-7	-2.9446342262005806e-7	-0.019577458962213558	-0.022133537565233855	-1.285889638976743e-7	-1.6833440897098836e-7	-1.120084537659753e-6	-8.646017420111968e-7	1.0434080870391603e-6	1.1122635585230408e-6	-2.7813645803108594e-8	-2.5777024503835858e-8	7.764752250113684e-7	9.874110329692158e-7	-8.226893122249533e-9	-2.060207037630891e-8	-1.897177234578999e-7	-2.5070709159832394e-7	-1.2287039205202167e-8	-5.2647132213435796e-8	0.012736625131407574	0.019209747828700992
16.0	-0.036669762098860956	-0.023568128081374113	-7.289233588588253e-6	-5.313177962149498e-6	1.7461194074374954e-6	1.7387047822157435e-6	1.7724581377048386e-6	1.7901331492456145e-6	-8.58372268267121e-6	-6.083182987906958e-6	2.2721969254110793e-7	2.894565905719405e-7	4.737046151620759e-6	4.910939401201769e-6	0.16043097028180847	0.25000029786089767	-1.3446620854401137e-6	-1.0555302137754685e-6	-4.3841090488201643e-7	-4.2191486296333344e-7	-0.024282186311171572	-0.026195651915883467	-1.9993197382942507e-7	-2.2773323294870243e-7	-1.3105036218241697e-6	-1.0828447734902158e-6	1.259994593558055e-6	1.3432355119265878e-6	-3.440849981994193e-8	-1.0840356389667585e-8	9.725362296189935e-7	1.195666132104829e-6	-7.786677840187447e-9	-2.3603554058726145e-8	-2.2348859409527295e-7	-2.9897387354228733e-7	-1.085861115511722e-8	-6.048995826788252e-8	0.015407881215070371	0.023176618739912884
17.0	-1.1946432315814663e-6	-8.103410749827286e-7	8.8990547461562e-8	-1.3709105665485184e-9	1.8832690886167455e-7	1.713963397676153e-7	4.3127775017856463e-7	4.174611379698251e-7	1.0703189968988218e-7	1.7233884219267705e-7	4.248898549406718e-6	3.5648821713530435e-6	3.021054528208724e-7	4.0011712673067933e-7	-1.064105108575367e-6	-1.3446620854401137e-6	0.25000018777955096	0.15060816937935917	1.249529082766418e-7	-3.3405494318448957e-10	-6.697838663010275e-7	-8.267011365408959e-7	3.147420222543757e-10	3.477855535598436e-10	2.658440152762255e-7	2.0316150964248439e-7	2.4441403983422245e-11	2.2079924170640146e-11	-6.098756503097752e-13	1.8575988641684106e-12	9.415115769102637e-11	1.227657181731516e-10	5.5592737574041265e-11	5.44925629603846e-11	-1.9321616127687386e-11	-2.3230597022341782e-11	-4.807555466111677e-11	-6.500627964227658e-11	4.94595599343123e-7	7.48329362171771e-7
18.0	-9.293408981883577e-7	-6.757071872275089e-7	5.5335334403326364e-8	1.2203350139088044e-8	9.278997467938992e-8	1.0082093060340664e-7	3.222522123865413e-7	3.027048787699396e-7	8.58417642888183e-8	1.1912163058335769e-7	3.158488538456211e-6	2.502127381707414e-6	2.6411666986690106e-7	3.180969472617281e-7	-8.415887408352862e-7	-1.0555302137754685e-6	0.15060816937935917	0.25000022556665835	2.0001104814951896e-7	6.99476154472398e-9	-4.941458891926765e-7	-6.277729724659084e-7	1.2413738127823833e-10	1.2359474723517227e-10	2.686649320587045e-7	1.6857670851350516e-7	4.498806811195503e-11	3.0811679141532375e-11	-1.966997506992632e-12	-9.669112875003525e-13	6.806420523738133e-11	8.901390997123312e-11	4.6242333081931855e-11	4.125922670670233e-11	-1.6096255849067473e-11	-1.788800829679094e-11	-3.6830155715349654e-11	-4.793312662717885e-11	3.8592203551560894e-7	5.803868441469549e-7
19.0	4.003174785355822e-7	2.153461117707404e-7	8.029333570169691e-11	2.87567465534547e-11	4.751082215723342e-11	1.4719146812812136e-11	9.92206380261495e-10	1.0120553187662255e-9	3.031275391854562e-11	-9.334636802328639e-11	-4.8824776406884725e-11	-2.987622155412319e-10	-1.0861121791526779e-10	1.8446034051445675e-10	-3.429416833605854e-7	-4.3841090488201643e-7	1.249529082766418e-7	2.0001104814951896e-7	0.2500002790141529	0.14157975071917964	3.889327209676744e-7	3.777478142627078e-7	-4.4095197608636206e-7	-5.402058093978532e-7	-0.007702629683972122	-0.006154951689948184	-2.882511055271944e-7	-2.0510116295703369e-7	1.894700393086255e-9	4.030711854841838e-9	-3.892717717933545e-11	-8.414064915222249e-11	-3.5998550463713937e-8	-3.848495711695192e-8	-7.632352748337938e-10	-3.343817997283236e-10	2.1503207366027405e-10	4.2896219065029194e-10	-1.196717559248029e-7	-2.524498812281676e-7
20.0	6.829340955689844e-7	3.9462840091352297e-7	1.5582600646302241e-10	4.7526474528571555e-11	2.7327868667818504e-11	-1.4527223310127796e-11	-4.4745569736621226e-10	-2.624918600447668e-10	1.2121329905367483e-10	2.2093512802261635e-11	-8.332736481548619e-11	-4.431238189870494e-10	-4.3203109689286105e-10	-1.2838655640570658e-9	-2.9446342262005806e-7	-4.2191486296333344e-7	-3.3405494318448957e-10	6.99476154472398e-9	0.14157975071917964	0.2500001821837568	8.584757686541505e-7	5.753290958370646e-7	-5.924536401104954e-7	-7.333058279641488e-7	-0.006959036580269345	-0.005514157698492456	-5.612044621438814e-7	-3.2879638275021955e-7	8.139164874712054e-9	6.753119450426124e-9	-1.1982634651850978e-10	-3.569111367131666e-10	-5.397779310397304e-8	-5.081729687539304e-8	-1.75949636173307e-9	-1.426234581859059e-9	-5.821689216717436e-11	1.230480400129473e-10	-2.3106005924861932e-7	-4.3001410180804494e-7
21.0	0.12437750510018442	0.08011471064364173	2.2408267722038697e-5	1.6644112235615602e-5	1.4487502407402555e-5	1.1493536127203723e-5	-1.3011891221293195e-6	-1.3019119334635716e-6	2.576471684907011e-5	1.8864731143400215e-5	8.649922297242568e-7	8.856122120363893e-7	-1.8455741822269677e-6	-1.7417101118730662e-6	-0.019577458962213558	-0.024282186311171572	-6.697838663010275e-7	-4.941458891926765e-7	3.889327209676744e-7	8.584757686541505e-7	0.2500001490972524	0.12058701031491163	-3.9131806445538416e-6	-4.611538042932449e-6	1.9262068256318484e-6	1.6276616509654923e-6	-1.7371244075188737e-6	-1.8442529245692868e-6	1.1869263882785866e-7	1.0165046765930018e-7	-4.314134148106956e-6	-5.3916253931633404e-6	3.466565462185685e-8	-1.700044122622976e-8	-1.1003391837382876e-7	-6.003760494263914e-8	2.9758800656134337e-7	5.800252650433376e-7	-0.05273998386890873	-0.07890978686415726
22.0	0.1384749567076771	0.08888652817909706	2.4904841354122484e-5	1.8370405657820786e-5	1.6088666602345066e-5	1.269043933032808e-5	-1.4241742414544373e-6	-1.4090147003430712e-6	2.8627636145047703e-5	2.0860645785908622e-5	9.390079202601996e-7	9.452475210755949e-7	-2.037256274283955e-6	-2.0010428461162885e-6	-0.022133537565233855	-0.026195651915883467	-8.267011365408959e-7	-6.277729724659084e-7	3.777478142627078e-7	5.753290958370646e-7	0.12058701031491163	0.2500001508850358	-6.117176428188366e-6	-5.534961230326274e-6	2.0521125087959965e-6	1.7127155557752904e-6	-1.8637088577647554e-6	-1.886150647185253e-6	2.195959995559746e-7	1.1607164994518332e-7	-5.460425561880269e-6	-6.0372063804437955e-6	1.0027165939425098e-7	2.7739008917916857e-8	-1.0906137612732222e-7	-2.6725562905318472e-8	3.788361741216312e-7	6.459726174405439e-7	-0.06072952034732154	-0.0878530925676575
23.0	-5.196782859609111e-6	-3.3336602843700842e-6	-9.470011147332883e-10	-7.079480042298398e-10	-6.548939951325575e-10	-5.356646536422727e-10	9.80521256336691e-11	9.289351686259993e-11	-1.0678833527250291e-9	-7.766771924869706e-10	-5.1648282283027706e-11	-4.9826900898669146e-11	-1.268220284841195e-10	-1.0227844836625553e-10	-1.285889638976743e-7	-1.9993197382942507e-7	3.147420222543757e-10	1.2413738127823833e-10	-4.4095197608636206e-7	-5.924536401104954e-7	-3.9131806445538416e-6	-6.117176428188366e-6	0.25000020253967353	0.1605541048635353	7.167454751373201e-7	6.513148169945134e-7	-4.788630082167871e-7	-4.7581181474809795e-7	3.247870898606328e-6	3.4540710336581877e-6	-4.695657433937505e-7	-5.437504685073023e-7	-3.1587206032282733e-7	-3.0197920487035444e-7	1.1155606422032996e-8	2.7459709482817114e-8	8.961197931642274e-8	1.0498354577012642e-7	2.2109901432199685e-6	3.29070215009354e-6
24.0	-6.511700871230664e-6	-4.1740628218265315e-6	-1.183576303500186e-9	-8.780588678742073e-10	-8.168283002151383e-10	-6.497635620633454e-10	1.1242722417618291e-10	1.0952030091446222e-10	-1.3377930404136624e-9	-9.7276254083552e-10	-6.246512092656066e-11	-5.935762626808192e-11	-9.663839039580042e-11	-1.0371067316812585e-10	-1.6833440897098836e-7	-2.2773323294870243e-7	3.477855535598436e-10	1.2359474723517227e-10	-5.402058093978532e-7	-7.333058279641488e-7	-4.611538042932449e-6	-5.534961230326274e-6	0.1605541048635353	0.25000020767681264	8.713227024814585e-7	8.023961141157213e-7	-6.126737405875275e-7	-5.901949353935377e-7	4.099242442682713e-6	4.336423921135141e-6	-7.368657263050378e-7	-6.848303272722706e-7	-4.0756496858745144e-7	-3.9175804992416813e-7	1.3368317448925704e-9	1.5293123661088654e-8	1.2471420180204682e-7	1.4488451311455022e-7	2.7978770995891847e-6	4.113577045706882e-6
25.0	2.8082899346326006e-6	1.730923351642349e-6	5.490032643976466e-10	4.2880642278923454e-10	2.8831666828428684e-10	2.244135548649575e-10	8.195861970836299e-10	8.899749279201036e-10	5.714688561850246e-10	4.3094740587413274e-10	1.928518285096549e-10	1.9945168616805422e-10	-9.452379165985888e-10	-2.8300281419739806e-10	-1.120084537659753e-6	-1.3105036218241697e-6	2.658440152762255e-7	2.686649320587045e-7	-0.007702629683972122	-0.006959036580269345	1.9262068256318484e-6	2.0521125087959965e-6	7.167454751373201e-7	8.713227024814585e-7	0.2500002081892316	0.16173296666382575	-2.9090325731727853e-8	3.2449532176111437e-9	1.0490461174993633e-8	8.054371660701326e-9	9.81035407041056e-11	-2.596742556320936e-11	8.523170559924105e-8	7.92992832275519e-8	-7.038264012125796e-9	-8.25580422693058e-9	-7.999430560716701e-11	-1.262588402267167e-10	-1.2659572016025755e-6	-1.8545794823600658e-6
26.0	2.3848140320095745e-6	1.4312425452283478e-6	4.674592926190171e-10	3.653060204860893e-10	1.3782188353380403e-10	1.3471294860440853e-10	4.979798741955325e-10	4.6003262016049517e-10	4.682773190115076e-10	3.7201691204754686e-10	9.878048448124891e-11	1.7674185917535218e-10	-7.767552632064545e-10	-3.755041508838618e-10	-8.646017420111968e-7	-1.0828447734902158e-6	2.0316150964248439e-7	1.6857670851350516e-7	-0.006154951689948184	-0.005514157698492456	1.6276616509654923e-6	1.7127155557752904e-6	6.513148169945134e-7	8.023961141157213e-7	0.16173296666382575	0.25000011536224326	3.2117420728118e-8	8.016341880118773e-8	1.6529884007141248e-8	1.2906354361054435e-8	1.4952919255825323e-10	8.217764295264793e-11	5.5194731437135734e-8	4.802851985434268e-8	-8.196978802089038e-9	-7.0586175523941786e-9	-2.0881686789015883e-11	-1.3253122356455888e-10	-1.0714621449687617e-6	-1.5733438651914136e-6
27.0	-2.7521137366968897e-6	-1.7754329682164306e-6	-4.950957011390587e-10	-3.6061125166738937e-10	-3.082317774121687e-10	-2.4491360001886514e-10	2.356281438825785e-11	2.3557194200890056e-11	-5.784007347278419e-10	-4.4197748967213657e-10	-1.1979362088422015e-11	-8.592704851927456e-12	1.1341927713346298e-10	1.0647495503068943e-10	1.0434080870391603e-6	1.259994593558055e-6	2.4441403983422245e-11	4.498806811195503e-11	-2.882511055271944e-7	-5.612044621438814e-7	-1.7371244075188737e-6	-1.8637088577647554e-6	-4.788630082167871e-7	-6.126737405875275e-7	-2.9090325731727853e-8	3.2117420728118e-8	0.2500001219511861	0.13985719011693307	5.026482347357357e-7	5.008278150301054e-7	6.660759166205073e-7	7.695552407158712e-7	0.009920582458376162	0.009908598674253297	3.903503126331368e-7	4.3895554457448203e-7	4.0614954335348305e-7	5.181332036783495e-7	1.2214161635070572e-6	1.7858371465326973e-6
28.0	-2.8337263534138762e-6	-1.8225879476890805e-6	-5.102499016018265e-10	-3.710853092362321e-10	-3.1367339408003096e-10	-2.4806043626185373e-10	2.3986689961622104e-11	2.3742998557643395e-11	-5.932846132141959e-10	-4.4234623097657665e-10	-1.360793772080747e-11	-1.0536740276696673e-11	1.2067511702635375e-10	1.0878803375806444e-10	1.1122635585230408e-6	1.3432355119265878e-6	2.2079924170640146e-11	3.0811679141532375e-11	-2.0510116295703369e-7	-3.2879638275021955e-7	-1.8442529245692868e-6	-1.886150647185253e-6	-4.7581181474809795e-7	-5.901949353935377e-7	3.2449532176111437e-9	8.016341880118773e-8	0.13985719011693307	0.2500000424891178	7.086163313976823e-7	6.202550599189091e-7	7.393947315048957e-7	8.271428811878949e-7	0.01001797138026159	0.010005862431289236	4.872074296989285e-7	4.1952628911235975e-7	2.9560862649333187e-7	3.4992210747918196e-7	1.2873157919094645e-6	1.8217496073967038e-6
29.0	1.512364228744477e-7	9.908352755137154e-8	3.4724837596756714e-11	2.8478696909192376e-11	1.9469382115836464e-11	1.6703557406787013e-11	-7.008856669078398e-12	-7.502733710815113e-12	3.9597030354762e-11	3.095732006091329e-11	3.2651085854492525e-12	2.558258430507085e-12	-1.0653959045304347e-11	-1.0370195194098527e-11	-2.7813645803108594e-8	-3.440849981994193e-8	-6.098756503097752e-13	-1.966997506992632e-12	1.894700393086255e-9	8.139164874712054e-9	1.1869263882785866e-7	2.195959995559746e-7	3.247870898606328e-6	4.099242442682713e-6	1.0490461174993633e-8	1.6529884007141248e-8	5.026482347357357e-7	7.086163313976823e-7	0.2500000321428988	0.14773038379975842	1.2375875806555875e-7	1.0097905594027613e-7	5.998238960910771e-7	5.975424107624348e-7	-3.195769313756393e-7	-3.8449771587677974e-7	1.9925630522230173e-8	1.0829658102624912e-8	-6.515048626552739e-8	-6.935439075189475e-8
30.0	1.4411170208734891e-7	9.554106483082928e-8	3.4864097135299506e-11	2.831105093685091e-11	1.9049007101167656e-11	1.625082309918287e-11	-6.5528227447878206e-12	-6.9940941977096e-12	3.9298214906380596e-11	3.073387932469499e-11	3.527564914816213e-12	2.6619562813521844e-12	-1.0826144549160246e-11	-1.0452045277514143e-11	-2.5777024503835858e-8	-1.0840356389667585e-8	1.8575988641684106e-12	-9.669112875003525e-13	4.030711854841838e-9	6.753119450426124e-9	1.0165046765930018e-7	1.1607164994518332e-7	3.4540710336581877e-6	4.336423921135141e-6	8.054371660701326e-9	1.2906354361054435e-8	5.008278150301054e-7	6.202550599189091e-7	0.14773038379975842	0.2500000671651314	2.9227508473227224e-7	1.0528289564929453e-7	6.376080377699455e-7	6.154000985174128e-7	-3.390764402906435e-7	-3.8573500025188206e-7	2.1518309856724603e-8	1.7664904767844024e-8	-8.958925725196647e-8	-5.631128156645472e-8
31.0	-5.979904895652148e-6	-3.839057818135481e-6	-1.1386442845932104e-9	-8.499171457310931e-10	-7.42300623612467e-10	-6.005753737325622e-10	9.378318808001309e-11	9.316411886842257e-11	-1.2772704803897255e-9	-9.357687624012216e-10	-4.9533703305902875e-11	-5.0110400650007696e-11	5.521434945000099e-11	5.7675699986937294e-11	7.764752250113684e-7	9.725362296189935e-7	9.415115769102637e-11	6.806420523738133e-11	-3.892717717933545e-11	-1.1982634651850978e-10	-4.314134148106956e-6	-5.460425561880269e-6	-4.695657433937505e-7	-7.368657263050378e-7	9.81035407041056e-11	1.4952919255825323e-10	6.660759166205073e-7	7.393947315048957e-7	1.2375875806555875e-7	2.9227508473227224e-7	0.2500000960903455	0.15757191938192414	1.7861991679967028e-6	1.7876879190886189e-6	-9.724079196740564e-7	-1.1242972778197857e-6	-0.01651228585312775	-0.022679622145060405	2.9130578203299507e-6	3.911211274170476e-6
32.0	-7.815451554359333e-6	-5.013869249377265e-6	-1.4846338871538132e-9	-1.1050500160826975e-9	-9.702656560542206e-10	-7.800791142482434e-10	1.2321290436117324e-10	1.2216211565468477e-10	-1.6668355700261434e-9	-1.2211681511579396e-9	-6.408507512485427e-11	-6.405222604535345e-11	6.998714308628615e-11	7.31158387725337e-11	9.874110329692158e-7	1.195666132104829e-6	1.227657181731516e-10	8.901390997123312e-11	-8.414064915222249e-11	-3.569111367131666e-10	-5.3916253931633404e-6	-6.0372063804437955e-6	-5.437504685073023e-7	-6.848303272722706e-7	-2.596742556320936e-11	8.217764295264793e-11	7.695552407158712e-7	8.271428811878949e-7	1.0097905594027613e-7	1.0528289564929453e-7	0.15757191938192414	0.25000009191434186	2.2217844754585288e-6	2.2440604072205287e-6	-1.1622567917987706e-6	-1.3725716607885768e-6	-0.022340701669227376	-0.03035817890686187	4.5017546465429395e-6	5.1110494063616845e-6
33.0	2.9484792351632376e-9	4.161024215455497e-9	1.254024208232656e-12	-5.1100410995147e-12	-4.254348323381187e-11	-3.90190426330197e-11	1.8891432015461917e-11	1.9059800668041387e-11	-8.203218513449635e-13	-3.7480929831413524e-12	-5.77830570037203e-12	-8.245224120255045e-12	2.818048043914886e-11	2.5127077881225964e-11	-8.226893122249533e-9	-7.786677840187447e-9	5.5592737574041265e-11	4.6242333081931855e-11	-3.5998550463713937e-8	-5.397779310397304e-8	3.466565462185685e-8	1.0027165939425098e-7	-3.1587206032282733e-7	-4.0756496858745144e-7	8.523170559924105e-8	5.5194731437135734e-8	0.009920582458376162	0.01001797138026159	5.998238960910771e-7	6.376080377699455e-7	1.7861991679967028e-6	2.2217844754585288e-6	0.25000003301683515	0.19732692605003985	-4.447600720334466e-6	-5.081441575429793e-6	-2.4729084451484127e-7	-2.406388004148302e-7	5.054109778905646e-7	6.590137613835517e-7
34.0	-6.535142573257203e-8	-4.107506826996856e-8	-8.942483103751845e-12	-1.2185615431597001e-11	-4.9069999370008e-11	-4.4344044961420246e-11	1.7337375680634712e-11	1.7313562136716716e-11	-1.4111161274251068e-11	-1.4293362066022505e-11	-6.783507556116027e-12	-8.864079714424594e-12	3.068067420607387e-11	2.6387843095169725e-11	-2.060207037630891e-8	-2.3603554058726145e-8	5.44925629603846e-11	4.125922670670233e-11	-3.848495711695192e-8	-5.081729687539304e-8	-1.700044122622976e-8	2.7739008917916857e-8	-3.0197920487035444e-7	-3.9175804992416813e-7	7.92992832275519e-8	4.802851985434268e-8	0.009908598674253297	0.010005862431289236	5.975424107624348e-7	6.154000985174128e-7	1.7876879190886189e-6	2.2440604072205287e-6	0.19732692605003985	0.24999995698934102	-5.9329833046654886e-6	-5.261111153471581e-6	-1.9330779385262825e-7	-1.9739504169697224e-7	5.140669495801478e-7	6.860166325360531e-7
35.0	-1.360429256715742e-7	-8.727211234515981e-8	1.8951940219971224e-11	1.896315501969182e-11	3.483094882662749e-11	3.654755821540373e-11	-8.50116222294915e-12	-8.368584570116968e-12	1.94687858636827e-12	8.361762991954535e-12	3.720982054335103e-12	5.128792994398156e-12	6.137915335117005e-12	5.1075817812037994e-12	-1.897177234578999e-7	-2.2348859409527295e-7	-1.9321616127687386e-11	-1.6096255849067473e-11	-7.632352748337938e-10	-1.75949636173307e-9	-1.1003391837382876e-7	-1.0906137612732222e-7	1.1155606422032996e-8	1.3368317448925704e-9	-7.038264012125796e-9	-8.196978802089038e-9	3.903503126331368e-7	4.872074296989285e-7	-3.195769313756393e-7	-3.390764402906435e-7	-9.724079196740564e-7	-1.1622567917987706e-6	-4.447600720334466e-6	-5.9329833046654886e-6	0.2499999353068494	0.1606139406984886	-1.639445861571383e-6	-1.751318613596455e-6	4.5680994836102693e-7	7.365760196425992e-7
36.0	-8.232403582927891e-8	-5.310741600277348e-8	3.9479691005765357e-11	3.473546469406105e-11	4.9976435033533755e-11	5.021665185320731e-11	-1.200596560041877e-11	-1.1767849345723904e-11	2.018384912737627e-11	2.2067107554390223e-11	5.312969790070009e-12	6.847142615920837e-12	8.093964489554322e-12	6.606710542773335e-12	-2.5070709159832394e-7	-2.9897387354228733e-7	-2.3230597022341782e-11	-1.788800829679094e-11	-3.343817997283236e-10	-1.426234581859059e-9	-6.003760494263914e-8	-2.6725562905318472e-8	2.7459709482817114e-8	1.5293123661088654e-8	-8.25580422693058e-9	-7.0586175523941786e-9	4.3895554457448203e-7	4.1952628911235975e-7	-3.8449771587677974e-7	-3.8573500025188206e-7	-1.1242972778197857e-6	-1.3725716607885768e-6	-5.081441575429793e-6	-5.261111153471581e-6	0.1606139406984886	0.24999993202906304	-2.804054965768806e-6	-2.2271910014379443e-6	4.665458093559995e-7	7.684575950307171e-7
37.0	3.968836766277497e-7	2.548259868776783e-7	7.578900417741667e-11	5.984635834762719e-11	6.330116251665997e-11	5.285703262747218e-11	-1.552595385870181e-11	-1.51095892998218e-11	8.339464840220706e-11	6.25713116531775e-11	5.313472168393804e-12	4.8815751460194776e-12	-3.289516157726438e-12	-7.871176626406508e-13	-1.2287039205202167e-8	-1.085861115511722e-8	-4.807555466111677e-11	-3.6830155715349654e-11	2.1503207366027405e-10	-5.821689216717436e-11	2.9758800656134337e-7	3.788361741216312e-7	8.961197931642274e-8	1.2471420180204682e-7	-7.999430560716701e-11	-2.0881686789015883e-11	4.0614954335348305e-7	2.9560862649333187e-7	1.9925630522230173e-8	2.1518309856724603e-8	-0.01651228585312775	-0.022340701669227376	-2.4729084451484127e-7	-1.9330779385262825e-7	-1.639445861571383e-6	-2.804054965768806e-6	0.24999984893260113	0.1553389121111669	-6.626212430629073e-7	-9.225194224866103e-7
38.0	8.317661458242653e-7	5.331588257887192e-7	1.5649311174657505e-10	1.2088163972305948e-10	1.2157534301233105e-10	9.863547789453884e-11	-2.5890189702454468e-11	-2.5512807425122157e-11	1.7435864830230256e-10	1.2824873314128018e-10	9.699591603644415e-12	9.974701795850434e-12	-6.482536901020263e-12	-3.669140506581272e-12	-5.2647132213435796e-8	-6.048995826788252e-8	-6.500627964227658e-11	-4.793312662717885e-11	4.2896219065029194e-10	1.230480400129473e-10	5.800252650433376e-7	6.459726174405439e-7	1.0498354577012642e-7	1.4488451311455022e-7	-1.262588402267167e-10	-1.3253122356455888e-10	5.181332036783495e-7	3.4992210747918196e-7	1.0829658102624912e-8	1.7664904767844024e-8	-0.022679622145060405	-0.03035817890686187	-2.406388004148302e-7	-1.9739504169697224e-7	-1.751318613596455e-6	-2.2271910014379443e-6	0.1553389121111669	0.24999984907849876	-1.2822621967908735e-6	-1.4235538112271432e-6
39.0	-0.07603493493074315	-0.04881073932139698	-1.3641266050555884e-5	-1.0049502410801696e-5	-8.834067458406664e-6	-6.979577089460143e-6	8.144313992303445e-7	8.116395921874588e-7	-1.5693527895441668e-5	-1.1458698131829725e-5	-5.192275586048256e-7	-5.148493288818527e-7	1.1270202880724292e-6	1.1109796952281127e-6	0.012736625131407574	0.015407881215070371	4.94595599343123e-7	3.8592203551560894e-7	-1.196717559248029e-7	-2.3106005924861932e-7	-0.05273998386890873	-0.06072952034732154	2.2109901432199685e-6	2.7978770995891847e-6	-1.2659572016025755e-6	-1.0714621449687617e-6	1.2214161635070572e-6	1.2873157919094645e-6	-6.515048626552739e-8	-8.958925725196647e-8	2.9130578203299507e-6	4.5017546465429395e-6	5.054109778905646e-7	5.140669495801478e-7	4.5680994836102693e-7	4.665458093559995e-7	-6.626212430629073e-7	-1.2822621967908735e-6	0.24999983096430536	0.16523085925289704
40.0	-0.11504316836887638	-0.0737909866133531	-2.0639239802312468e-5	-1.5198379077995184e-5	-1.336975897881203e-5	-1.0560812620454156e-5	1.2273157893872392e-6	1.222842855827456e-6	-2.3728585804262643e-5	-1.7279088358797355e-5	-7.851976048838792e-7	-7.792481601951887e-7	1.70277233968176e-6	1.682272670940255e-6	0.019209747828700992	0.023176618739912884	7.48329362171771e-7	5.803868441469549e-7	-2.524498812281676e-7	-4.3001410180804494e-7	-0.07890978686415726	-0.0878530925676575	3.29070215009354e-6	4.113577045706882e-6	-1.8545794823600658e-6	-1.5733438651914136e-6	1.7858371465326973e-6	1.8217496073967038e-6	-6.935439075189475e-8	-5.631128156645472e-8	3.911211274170476e-6	5.1110494063616845e-6	6.590137613835517e-7	6.860166325360531e-7	7.365760196425992e-7	7.684575950307171e-7	-9.225194224866103e-7	-1.4235538112271432e-6	0.16523085925289704	0.24999981275739558
