# i	1	2	3	4	5	6	7	8	9	10	11	12	13	14	15	16	17	18	19	20	21	22	23	24	25	26	27	28	29	30	31	32	33	34	35	36	37	38	39	40
1.0	0.2500000026526548	-6.106589909640441e-6	-5.270943399389785e-6	-3.5818289295661877e-6	-3.7311860855617037e-6	4.7524454723042096e-8	9.418289693963449e-8	0.001834270159637219	0.0019651728878371157	6.649893034879658e-8	8.985062384782499e-8	3.4120851801450035e-7	2.4900855262888826e-7	-4.639684267960574e-8	-4.060855456530088e-9	0.00016643959936809267	-4.881031993623911e-5	2.720149607658073e-9	-2.7819516067676276e-8	9.448430007095078e-6	8.039600266862324e-6	2.4727365577357993e-9	3.555715355473292e-9	-0.00020368553468474952	0.0001952936337104803	3.088769304259573e-9	3.904858774219582e-9	8.259188098395756e-10	1.9618580754863742e-9	8.016170049460654e-9	1.0778663800812227e-8	7.447791405669646e-6	-9.739528699630467e-7	-5.117625309863174e-9	-4.214170114999517e-9	-3.1419078120400535e-9	-3.903551214905751e-9	2.48295809093434e-8	1.5884666362903e-8	3.4376904736954284e-5
2.0	-6.106589909640441e-6	0.24999996625534188	0.12835851199309456	2.5922511013334092e-6	2.023502776555637e-6	-9.116007263854434e-7	-7.392729602757279e-7	4.0008307255323046e-8	1.8725074740089354e-8	6.880350286801563e-9	-3.5610349412045406e-9	3.3484623985493775e-7	2.655073351070644e-7	-6.103991318783821e-9	1.1143560177645073e-8	-2.462041448902598e-6	6.008541855064837e-8	3.107570702333163e-9	-3.2304404733231932e-9	6.140071953872502e-7	5.17700309299306e-7	-1.0706787359593398e-11	-8.814913626290992e-12	2.3422220986442785e-8	4.479035087609815e-8	3.0728021593915235e-12	3.596901700819113e-12	2.95176793527193e-11	3.633897380267383e-11	-9.441758198237985e-12	-9.737180184260127e-12	-7.89867645966944e-9	6.420223397853019e-10	-4.706308529082913e-12	-3.3056118360070456e-12	1.872620386919938e-11	1.5575021777215544e-11	2.8428995050075e-11	1.7436023358852022e-11	1.6364886428375886e-8
3.0	-5.270943399389785e-6	0.12835851199309456	0.24999983166444445	4.925527106092834e-6	3.303544743542736e-6	-1.6636228421676533e-6	-1.342919020215494e-6	1.934131655663236e-7	6.055932323090924e-7	-1.3970010531228196e-8	-1.5469852395752015e-9	9.74608752809481e-8	1.032034662156116e-7	-2.7011916989332302e-9	2.0126812703315264e-8	-6.478248680027587e-7	4.0630829351384495e-8	-1.269818070348633e-8	-1.873200495008369e-8	1.2336601367146836e-6	1.061200083591319e-6	-1.5359468612854254e-11	-1.0432558529254015e-11	4.327612484960472e-8	3.815839009673717e-8	2.409342969943756e-12	6.185982405319044e-12	5.6552557777629157e-11	6.666220300276296e-11	-1.5180152317666594e-11	-1.4165499315776852e-11	-1.5080341800709794e-9	-1.7728917361653346e-10	-9.020021455385186e-12	-6.640131894247716e-12	3.316165783062069e-11	2.74850926239957e-11	5.188406610648057e-11	3.2005646998058196e-11	3.3103349951391295e-8
4.0	-3.5818289295661877e-6	2.5922511013334092e-6	4.925527106092834e-6	0.24999975615819334	0.1341394552457229	-5.594228588902585e-7	-3.0050325617659353e-7	-8.414855643909015e-7	-9.559193010760933e-7	-4.4077466928802973e-7	-1.9288972502510202e-7	1.7027179122888454e-7	4.77229272781676e-7	-1.510329044649396e-7	-3.6915599772872313e-9	7.573436134192674e-7	2.2219507921254168e-8	-2.5197702875871192e-8	-4.720590738057009e-8	-3.1075072388109593e-7	-3.2067800927219246e-7	1.3138091946549737e-11	2.0596253399571857e-11	-7.57360797586649e-7	-1.6730469421742203e-7	-1.0576098731136142e-11	-1.268474001902311e-11	-2.5223148662981047e-11	-1.8779509074240035e-11	1.236913910805934e-11	7.780357759448237e-12	-1.0444235284692263e-8	8.294986640042915e-10	1.8192582453174294e-12	2.140181599876755e-12	-7.182851363074276e-12	-1.9623253777442051e-13	8.346449608321438e-12	2.419719765003025e-12	-3.762894322353896e-8
5.0	-3.7311860855617037e-6	2.023502776555637e-6	3.303544743542736e-6	0.1341394552457229	0.2499997251199974	-1.0415457958444972e-6	-3.539248312487923e-7	-1.0050700174181817e-6	-1.5039736277216607e-6	4.067298982567938e-7	-5.601076301830369e-8	6.21256645497024e-7	-7.780635997521638e-7	1.6900426128259644e-8	3.5417057310991773e-8	2.2874237664542742e-7	1.0794251793595391e-7	-2.7702672849167147e-8	-1.241853909052682e-8	-2.535316223915654e-7	-3.407474318565433e-7	4.0338129136893724e-12	7.342901258412811e-12	-1.1549156647152393e-6	-3.162420278402108e-7	-1.127976540375231e-11	-1.5991410532158725e-11	-1.1982026523732882e-11	-3.7199401954452064e-12	1.350870503588848e-11	7.353863379040051e-12	1.2581419661122434e-8	-9.110484289463712e-10	-1.2471640962764332e-12	-9.109742932877595e-13	-4.547190597164218e-12	3.748084285143651e-12	1.7954170816896525e-11	8.94432610723037e-12	-5.6036913411711775e-8
6.0	4.7524454723042096e-8	-9.116007263854434e-7	-1.6636228421676533e-6	-5.594228588902585e-7	-1.0415457958444972e-6	0.24999979184124227	0.12109552042639028	9.69222904853562e-7	3.624807092909666e-7	2.510168134438748e-7	3.601380035679136e-7	-4.245595372792297e-8	-1.3089140928189575e-7	2.861698307381497e-8	1.61491798475665e-8	-6.393232259674259e-7	-1.698190904099003e-8	-1.667726015218956e-8	-1.140745687907679e-8	5.172550979719113e-7	4.5517952307611956e-7	-4.167906239082717e-13	-1.6538696413420578e-11	-9.45799822121205e-8	-6.722838759186954e-8	2.9430150497456925e-12	4.0495756158476194e-12	3.430603527617976e-11	4.5812469754578316e-11	-1.3067984870724343e-11	-1.828849817392423e-11	-1.0777939985608156e-8	1.1477658110955356e-10	-3.8191098506923415e-12	-3.470438187337893e-12	1.6625206440132422e-11	1.4093805875327687e-11	2.7348037137283572e-11	1.7004495903721402e-11	7.195697599060763e-9
7.0	9.418289693963449e-8	-7.392729602757279e-7	-1.342919020215494e-6	-3.0050325617659353e-7	-3.539248312487923e-7	0.12109552042639028	0.24999984712318607	1.2943529917159267e-6	-1.6849201909945836e-7	2.5082689386803845e-7	2.1098753738601258e-7	7.80729489031589e-8	8.234683626296781e-8	3.0885537595337905e-9	4.867583651610724e-9	-6.230228986821184e-7	3.4566303395345164e-8	-3.6707834120999573e-9	-7.942104352977991e-9	9.003175794722137e-8	9.040241523962615e-8	1.7020556769389892e-11	1.0183867718673231e-11	-2.2624867241908993e-8	1.5283563037541615e-8	1.1420822871796428e-12	2.1098138362575966e-12	1.2141802636240408e-11	1.1211969340438742e-11	-2.5145381950672785e-12	-6.335720460138408e-12	2.425227164458223e-10	-1.216177808595617e-9	-2.5017079549972855e-12	-2.040569868083468e-12	4.868278700767827e-12	5.175540407425083e-12	8.322056386384957e-12	6.3496278710466795e-12	-6.803544841602784e-9
8.0	0.001834270159637219	4.0008307255323046e-8	1.934131655663236e-7	-8.414855643909015e-7	-1.0050700174181817e-6	9.69222904853562e-7	1.2943529917159267e-6	0.2499998749966788	-5.933010988760878e-6	-3.7691745102124235e-7	-1.1821197575487567e-7	-5.079489168364749e-7	-5.605709722820538e-7	4.259369849897698e-8	2.0549768319245705e-7	0.0008816318864433032	-0.0002455265883719861	1.6291077698830775e-7	3.426300247281023e-7	6.111711736966025e-6	9.858726699148796e-6	9.21855962092003e-9	3.4699400110883608e-9	-2.7010038676750503e-6	7.80860056329365e-6	4.664413570313329e-9	8.915763270534421e-9	8.319076271591527e-9	1.4342184547659888e-9	-1.514527254333e-9	8.019299749499208e-10	1.0807896697959717e-5	-8.868298287488753e-7	2.005283721639813e-9	5.670212518372237e-10	1.5041425419589968e-9	-5.708022547525791e-10	-8.585405145244487e-9	-9.157132107649612e-9	-2.4095942968752495e-7
9.0	0.0019651728878371157	1.8725074740089354e-8	6.055932323090924e-7	-9.559193010760933e-7	-1.5039736277216607e-6	3.624807092909666e-7	-1.6849201909945836e-7	-5.933010988760878e-6	0.24999979321764018	8.541606945441536e-7	4.6829264567391183e-7	-8.192148616425771e-9	7.234489110010366e-8	7.535545979677134e-8	8.015260448903543e-8	-0.0009164761946630342	-0.00105100314363411	-3.979626742546225e-8	-2.4316145499113675e-8	0.00019955592696684386	0.0007933074193328055	1.8859040879670407e-8	-2.0255535511736438e-8	2.9884779321036117e-5	1.8271664985294564e-5	6.195438636052086e-9	-1.1598768794332042e-8	3.798429813154623e-8	5.8131665219507645e-8	-2.3370504527334872e-8	-9.092873145886526e-9	2.554493323676998e-6	1.1795384406448128e-5	7.015329337867758e-9	5.9985999175383295e-9	3.947888841512669e-9	6.583322637281679e-9	-8.84890453888968e-8	-8.885281280716257e-8	-9.801802683885022e-7
10.0	6.649893034879658e-8	6.880350286801563e-9	-1.3970010531228196e-8	-4.4077466928802973e-7	4.067298982567938e-7	2.510168134438748e-7	2.5082689386803845e-7	-3.7691745102124235e-7	8.541606945441536e-7	0.24999981778507957	0.12144724006527108	1.47036689673869e-6	7.948470856558207e-7	1.1043325496288343e-8	2.3118187147510734e-9	1.9301988353607727e-7	2.9011436470692312e-8	7.931424410322489e-9	1.1793395269921986e-8	2.755631150739975e-7	4.245693176124695e-7	-1.1620311778456456e-11	-7.396940311075964e-12	-5.9151145470881876e-8	-4.1910618574066774e-8	7.838919576161332e-12	6.896690459358196e-12	2.4866567953291667e-11	3.0456142802085995e-11	-7.592258767537809e-12	-9.563397774250081e-12	5.994956032427499e-10	2.0069284930303265e-10	-2.9604681338621735e-12	-2.601889530911777e-12	8.181423053319356e-12	5.391499071284396e-12	1.8186897101774483e-11	1.1740829698416544e-11	6.352857504188131e-9
11.0	8.985062384782499e-8	-3.5610349412045406e-9	-1.5469852395752015e-9	-1.9288972502510202e-7	-5.601076301830369e-8	3.601380035679136e-7	2.1098753738601258e-7	-1.1821197575487567e-7	4.6829264567391183e-7	0.12144724006527108	0.24999979090955993	1.959598447502471e-6	1.1573264204905236e-6	1.576869153887812e-8	1.4147490329487298e-8	1.3465701798407933e-7	1.527505127339529e-8	4.148324716959232e-9	3.81498174092179e-9	3.0369723615638545e-7	5.895984756530434e-7	1.264186848886378e-12	-7.29596185141918e-12	4.916713634022979e-8	-1.2584453912575064e-7	8.835235119108335e-12	7.791988039678733e-12	3.257305825368235e-11	3.6691535143921276e-11	-7.526824332080705e-12	-7.354884461749984e-12	-3.873024952328578e-9	1.5363122851414406e-10	-1.4165569351231486e-12	-2.748431272238908e-12	4.897819927110976e-12	2.158968456436809e-12	1.2543837857900137e-11	7.99238935362472e-12	1.66669748301882e-8
12.0	3.4120851801450035e-7	3.3484623985493775e-7	9.74608752809481e-8	1.7027179122888454e-7	6.21256645497024e-7	-4.245595372792297e-8	7.80729489031589e-8	-5.079489168364749e-7	-8.192148616425771e-9	1.47036689673869e-6	1.959598447502471e-6	0.24999979682006568	0.12109228088969916	3.442338521374925e-7	3.293144824295304e-7	-7.135525472864286e-7	4.120795045269637e-8	-1.2415341569057618e-7	-1.3985148249760248e-7	3.1295315345530563e-7	6.128100049925201e-7	5.743099160702203e-12	-7.302292301188579e-13	1.497394113042267e-7	-8.189193803930948e-9	-5.488742691758541e-12	-8.281663253164294e-12	-1.204814143174062e-11	-1.0981576245377884e-11	-6.643147682032364e-12	-7.033946672419221e-12	-1.0145363550855194e-9	2.2419294322968255e-10	-3.265515994435729e-12	-1.0755777887920417e-12	1.250715803302753e-12	2.8660358299903683e-12	-1.585364627838408e-11	-1.3162088024497884e-11	6.669326855125655e-9
13.0	2.4900855262888826e-7	2.655073351070644e-7	1.032034662156116e-7	4.77229272781676e-7	-7.780635997521638e-7	-1.3089140928189575e-7	8.234683626296781e-8	-5.605709722820538e-7	7.234489110010366e-8	7.948470856558207e-7	1.1573264204905236e-6	0.12109228088969916	0.2499998209685279	7.09814450636486e-7	4.740056384377273e-7	-5.012692280998544e-7	2.604215066149124e-8	-2.0151505038647722e-7	-4.0326633306510917e-7	5.677497263433703e-7	8.085438802178946e-7	6.1518045722712135e-12	2.0176477385465575e-12	7.257844314998919e-8	-4.8656572125042914e-8	-8.603623946716256e-12	2.6362003757880816e-12	2.040371974925558e-11	9.905027753389458e-12	-1.0123185573203888e-11	-1.1010631992956504e-11	-9.36654338260689e-9	5.513713745284541e-10	-5.0467915323008114e-12	-3.804766027177683e-12	9.128366127407888e-12	8.441984358548397e-12	4.48216801889206e-12	3.6967178364877733e-13	1.2420098982354308e-8
14.0	-4.639684267960574e-8	-6.103991318783821e-9	-2.7011916989332302e-9	-1.510329044649396e-7	1.6900426128259644e-8	2.861698307381497e-8	3.0885537595337905e-9	4.259369849897698e-8	7.535545979677134e-8	1.1043325496288343e-8	1.576869153887812e-8	3.442338521374925e-7	7.09814450636486e-7	0.24999988376255472	0.11824040691263828	-5.554353233919966e-7	3.953249710205038e-8	1.7213144403153362e-7	1.6412687107095686e-7	-1.479381419475689e-7	-6.415369097956058e-8	-2.474190231585492e-12	9.337675774325399e-12	-8.882796349037299e-9	-7.910813084301787e-9	2.45369575886797e-11	-3.4002140211149955e-11	-3.690550177016345e-11	5.988139749427847e-12	4.532489647603597e-12	5.572040304258951e-12	2.2129940040326297e-8	-2.219900968749003e-9	6.365909833923481e-13	3.086815264349938e-13	-5.103692061683581e-12	-2.7374951773177868e-12	-1.0915597931884405e-11	-6.560323238867673e-12	-8.809887284333732e-9
15.0	-4.060855456530088e-9	1.1143560177645073e-8	2.0126812703315264e-8	-3.6915599772872313e-9	3.5417057310991773e-8	1.61491798475665e-8	4.867583651610724e-9	2.0549768319245705e-7	8.015260448903543e-8	2.3118187147510734e-9	1.4147490329487298e-8	3.293144824295304e-7	4.740056384377273e-7	0.11824040691263828	0.24999987893912112	-1.4927627459992068e-6	1.1382735047333636e-7	-3.989816926920129e-9	5.099469268512741e-8	-5.4107749150899555e-8	1.1331909069435902e-8	-8.013253334249304e-12	-1.556807560015178e-11	-1.0593605356682901e-8	-1.5691695795016017e-8	-2.1111620862176476e-11	1.1675781100418143e-11	7.156106292548003e-12	-1.745423305018529e-11	3.273423948999602e-12	3.9468200290461075e-12	2.9903775052295436e-8	-2.3768371853673005e-9	5.670869525480253e-13	2.634377514751083e-13	-2.715573885699778e-12	-2.17808618621064e-12	-3.2946959758966636e-12	-3.573258241880407e-12	-6.15256967236032e-9
16.0	0.00016643959936809267	-2.462041448902598e-6	-6.478248680027587e-7	7.573436134192674e-7	2.2874237664542742e-7	-6.393232259674259e-7	-6.230228986821184e-7	0.0008816318864433032	-0.0009164761946630342	1.9301988353607727e-7	1.3465701798407933e-7	-7.135525472864286e-7	-5.012692280998544e-7	-5.554353233919966e-7	-1.4927627459992068e-6	0.2499998430154981	0.00011413419709395065	1.4746647266802731e-6	1.1899129814630964e-6	-5.3053715457589876e-5	-4.6056906911255276e-5	-1.0467213423029974e-8	-9.917558972459106e-9	-7.995305121188102e-5	-4.35515542645679e-5	1.7654813591537468e-8	2.2631942103740825e-8	5.751298371031088e-8	8.232160990473365e-8	-1.071812864827282e-8	-2.3798895207435407e-8	2.3574738259790413e-5	-1.7195107018973551e-6	-1.3287619188978367e-8	-1.5510365171671226e-8	-3.318512930214693e-8	-1.0751405732737473e-8	1.6483237553557704e-7	9.627047133769463e-8	0.0002656966258846353
17.0	-4.881031993623911e-5	6.008541855064837e-8	4.0630829351384495e-8	2.2219507921254168e-8	1.0794251793595391e-7	-1.698190904099003e-8	3.4566303395345164e-8	-0.0002455265883719861	-0.00105100314363411	2.9011436470692312e-8	1.527505127339529e-8	4.120795045269637e-8	2.604215066149124e-8	3.953249710205038e-8	1.1382735047333636e-7	0.00011413419709395065	0.2499998724269462	1.9251926474410144e-6	9.826924997523672e-7	2.3840680528443844e-5	1.945812033079481e-5	-1.0449481393890526e-7	-4.860794284539485e-8	0.00034031699226565664	-0.0007574558509476927	-4.570526692172059e-8	-6.725206984491606e-8	2.1380724759601314e-7	3.48085836017199e-7	4.676691518932337e-7	7.288535852684099e-7	6.71279427579767e-5	-6.508111650819896e-6	-4.1674555320485766e-7	-2.9779831084764365e-7	-2.087245431734105e-7	-1.7066738584767634e-7	7.765320139638471e-7	4.840699021278152e-7	0.0006645826227478903
18.0	2.720149607658073e-9	3.107570702333163e-9	-1.269818070348633e-8	-2.5197702875871192e-8	-2.7702672849167147e-8	-1.667726015218956e-8	-3.6707834120999573e-9	1.6291077698830775e-7	-3.979626742546225e-8	7.931424410322489e-9	4.148324716959232e-9	-1.2415341569057618e-7	-2.0151505038647722e-7	1.7213144403153362e-7	-3.989816926920129e-9	1.4746647266802731e-6	1.9251926474410144e-6	0.2499999230420702	0.11816258557892284	1.1703844610800546e-7	-2.7538500557565306e-9	2.772601715068969e-10	1.1314726029771095e-10	5.342359224794271e-8	-2.5652008079398214e-8	-2.4091486621764895e-11	-2.3864148509648463e-11	3.307702937041656e-11	8.095762570237991e-11	1.4288661103328435e-11	1.1165262062844159e-11	-4.078224296288495e-7	1.1495268075134417e-8	-1.922900950109973e-12	-5.530504311873197e-12	1.4260935363967626e-11	9.846264044601564e-12	7.354967180307018e-12	-2.424709318512539e-11	7.036297303204711e-9
19.0	-2.7819516067676276e-8	-3.2304404733231932e-9	-1.873200495008369e-8	-4.720590738057009e-8	-1.241853909052682e-8	-1.140745687907679e-8	-7.942104352977991e-9	3.426300247281023e-7	-2.4316145499113675e-8	1.1793395269921986e-8	3.81498174092179e-9	-1.3985148249760248e-7	-4.0326633306510917e-7	1.6412687107095686e-7	5.099469268512741e-8	1.1899129814630964e-6	9.826924997523672e-7	0.11816258557892284	0.24999989228346026	5.630381858554423e-7	4.1955618840530063e-7	3.034371741146002e-11	4.9924455756922645e-11	1.073437812324075e-7	-5.7359806734164546e-8	-1.535582190487559e-11	-2.0981883161213155e-11	5.052120429491149e-11	1.432159892249396e-10	-1.4892592391221465e-11	-4.602645109843485e-11	-1.9659041950904052e-7	7.736335672403984e-9	-1.5931824861745967e-13	-9.517810137457881e-14	2.71998035765501e-11	2.7410305004298057e-11	1.8368738829917875e-11	-1.649565500748503e-11	2.2971118385521122e-8
20.0	9.448430007095078e-6	6.140071953872502e-7	1.2336601367146836e-6	-3.1075072388109593e-7	-2.535316223915654e-7	5.172550979719113e-7	9.003175794722137e-8	6.111711736966025e-6	0.00019955592696684386	2.755631150739975e-7	3.0369723615638545e-7	3.1295315345530563e-7	5.677497263433703e-7	-1.479381419475689e-7	-5.4107749150899555e-8	-5.3053715457589876e-5	2.3840680528443844e-5	1.1703844610800546e-7	5.630381858554423e-7	0.24999985390657448	0.10041833911371338	-1.2113648948614908e-6	-8.462949909245759e-7	0.0006265050158063825	-0.0009382204044578769	1.348761996602943e-7	3.1277262448753396e-7	2.737132205620635e-6	3.1274298206221407e-6	-1.0539679575844113e-6	-7.967047538580928e-7	-0.00025611838105252596	-9.218751316098211e-5	-4.5579042325850337e-7	-3.685353518051325e-7	1.699824371495897e-6	1.428761731453454e-6	2.7652173492833414e-6	1.6789730938361613e-6	0.0019719440157283594
21.0	8.039600266862324e-6	5.17700309299306e-7	1.061200083591319e-6	-3.2067800927219246e-7	-3.407474318565433e-7	4.5517952307611956e-7	9.040241523962615e-8	9.858726699148796e-6	0.0007933074193328055	4.245693176124695e-7	5.895984756530434e-7	6.128100049925201e-7	8.085438802178946e-7	-6.415369097956058e-8	1.1331909069435902e-8	-4.6056906911255276e-5	1.945812033079481e-5	-2.7538500557565306e-9	4.1955618840530063e-7	0.10041833911371338	0.24999990700396152	-2.3608243311724116e-6	-1.0809482397771547e-6	0.0006842239408372176	-0.0009462671349685903	1.2762987576520057e-7	2.9443966529166254e-7	2.4723491342942827e-6	3.2306146009013215e-6	-7.443121731416169e-7	-6.805980570694439e-7	-5.779707225784386e-5	-2.0062104676115376e-5	-4.5558983396005625e-7	-3.5622259462296074e-7	1.5301468380156174e-6	1.2882475812206126e-6	2.549025207054582e-6	1.5353483078859968e-6	0.0021444573251965873
22.0	2.4727365577357993e-9	-1.0706787359593398e-11	-1.5359468612854254e-11	1.3138091946549737e-11	4.0338129136893724e-12	-4.167906239082717e-13	1.7020556769389892e-11	9.21855962092003e-9	1.8859040879670407e-8	-1.1620311778456456e-11	1.264186848886378e-12	5.743099160702203e-12	6.1518045722712135e-12	-2.474190231585492e-12	-8.013253334249304e-12	-1.0467213423029974e-8	-1.0449481393890526e-7	2.772601715068969e-10	3.034371741146002e-11	-1.2113648948614908e-6	-2.3608243311724116e-6	0.24999985773588243	0.12190565533801331	-1.5421658381899836e-7	1.2473003427633835e-7	9.677108220930078e-10	9.076966631064459e-10	2.2660386107480318e-10	7.958170900517525e-10	-1.0676047799627803e-10	-1.1263699753176172e-10	1.9867352538027554e-8	-4.961898689515182e-9	1.8001802178931706e-11	3.109200087619476e-11	3.1031038803050717e-10	1.7650047698057283e-10	-3.1518459341461947e-10	-7.32968861740788e-10	-1.4303651992523877e-8
23.0	3.555715355473292e-9	-8.814913626290992e-12	-1.0432558529254015e-11	2.0596253399571857e-11	7.342901258412811e-12	-1.6538696413420578e-11	1.0183867718673231e-11	3.4699400110883608e-9	-2.0255535511736438e-8	-7.396940311075964e-12	-7.29596185141918e-12	-7.302292301188579e-13	2.0176477385465575e-12	9.337675774325399e-12	-1.556807560015178e-11	-9.917558972459106e-9	-4.860794284539485e-8	1.1314726029771095e-10	4.9924455756922645e-11	-8.462949909245759e-7	-1.0809482397771547e-6	0.12190565533801331	0.24999988990449104	-3.4387894950135073e-7	1.4232427875088677e-7	1.2964824780056683e-9	2.1063918115547023e-9	-4.83610514599681e-10	5.100526631395526e-10	4.688529009512612e-12	-2.1433799405672683e-10	3.8166932521504545e-8	-8.401961220108177e-9	-2.7387596446578357e-11	2.315047942789428e-11	1.0220388071581008e-10	-8.010925480141682e-12	4.316274704233557e-11	-3.941520013942681e-10	9.967422237133062e-9
24.0	-0.00020368553468474952	2.3422220986442785e-8	4.327612484960472e-8	-7.57360797586649e-7	-1.1549156647152393e-6	-9.45799822121205e-8	-2.2624867241908993e-8	-2.7010038676750503e-6	2.9884779321036117e-5	-5.9151145470881876e-8	4.916713634022979e-8	1.497394113042267e-7	7.257844314998919e-8	-8.882796349037299e-9	-1.0593605356682901e-8	-7.995305121188102e-5	0.00034031699226565664	5.342359224794271e-8	1.073437812324075e-7	0.0006265050158063825	0.0006842239408372176	-1.5421658381899836e-7	-3.4387894950135073e-7	0.25000000254141735	-0.013603293986267142	1.783654282508753e-7	6.032019857346235e-9	-2.48689878831438e-7	-1.5331008690708952e-7	2.775274876678683e-8	-2.081127755982357e-8	-9.212708362209251e-5	-0.0002894610636403624	3.573662812656804e-8	9.26891022612935e-9	-2.977007319749683e-8	5.3751899593593405e-9	5.474373074297927e-7	4.1016812550099987e-7	-0.0010041676299505679
25.0	0.0001952936337104803	4.479035087609815e-8	3.815839009673717e-8	-1.6730469421742203e-7	-3.162420278402108e-7	-6.722838759186954e-8	1.5283563037541615e-8	7.80860056329365e-6	1.8271664985294564e-5	-4.1910618574066774e-8	-1.2584453912575064e-7	-8.189193803930948e-9	-4.8656572125042914e-8	-7.910813084301787e-9	-1.5691695795016017e-8	-4.35515542645679e-5	-0.0007574558509476927	-2.5652008079398214e-8	-5.7359806734164546e-8	-0.0009382204044578769	-0.0009462671349685903	1.2473003427633835e-7	1.4232427875088677e-7	-0.013603293986267142	0.24999997740268143	4.653706571297752e-7	1.238904141630682e-7	7.540759613758883e-8	1.163961048407646e-7	1.0884669054751731e-7	7.369788784203661e-8	0.000710807330883641	-0.00032623672368593516	-6.959761141364962e-8	-9.196183090375303e-8	1.0298027287874366e-7	4.3182856306945606e-8	8.469718087989195e-8	7.217581114939733e-7	-0.0004929414710766529
26.0	3.088769304259573e-9	3.0728021593915235e-12	2.409342969943756e-12	-1.0576098731136142e-11	-1.127976540375231e-11	2.9430150497456925e-12	1.1420822871796428e-12	4.664413570313329e-9	6.195438636052086e-9	7.838919576161332e-12	8.835235119108335e-12	-5.488742691758541e-12	-8.603623946716256e-12	2.45369575886797e-11	-2.1111620862176476e-11	1.7654813591537468e-8	-4.570526692172059e-8	-2.4091486621764895e-11	-1.535582190487559e-11	1.348761996602943e-7	1.2762987576520057e-7	9.677108220930078e-10	1.2964824780056683e-9	1.783654282508753e-7	4.653706571297752e-7	0.2499999725113471	0.11987497944337022	-2.619170981329654e-7	-3.279813899887818e-7	-4.252769178834795e-9	-7.112785903336253e-10	4.510964365639607e-9	-1.5788813927392716e-8	-1.3297392152070248e-9	-2.6050233342573215e-9	-6.716772654515357e-9	-3.6989703594999363e-10	-2.5994995608230134e-8	1.2148844253420433e-7	2.374461509901052e-8
27.0	3.904858774219582e-9	3.596901700819113e-12	6.185982405319044e-12	-1.268474001902311e-11	-1.5991410532158725e-11	4.0495756158476194e-12	2.1098138362575966e-12	8.915763270534421e-9	-1.1598768794332042e-8	6.896690459358196e-12	7.791988039678733e-12	-8.281663253164294e-12	2.6362003757880816e-12	-3.4002140211149955e-11	1.1675781100418143e-11	2.2631942103740825e-8	-6.725206984491606e-8	-2.3864148509648463e-11	-2.0981883161213155e-11	3.1277262448753396e-7	2.9443966529166254e-7	9.076966631064459e-10	2.1063918115547023e-9	6.032019857346235e-9	1.238904141630682e-7	0.11987497944337022	0.2500000041482565	-5.841788569674504e-7	-4.2112397406390505e-7	3.9385181256617465e-10	1.996867526520089e-9	5.110754653360855e-9	-1.151809145351678e-8	-7.684823477874743e-10	-2.5791151465361405e-10	-5.600262740231549e-9	-9.458702701367854e-10	-2.0052720551063512e-7	2.3812143478058617e-8	-7.404168781153959e-11
28.0	8.259188098395756e-10	2.95176793527193e-11	5.6552557777629157e-11	-2.5223148662981047e-11	-1.1982026523732882e-11	3.430603527617976e-11	1.2141802636240408e-11	8.319076271591527e-9	3.798429813154623e-8	2.4866567953291667e-11	3.257305825368235e-11	-1.204814143174062e-11	2.040371974925558e-11	-3.690550177016345e-11	7.156106292548003e-12	5.751298371031088e-8	2.1380724759601314e-7	3.307702937041656e-11	5.052120429491149e-11	2.737132205620635e-6	2.4723491342942827e-6	2.2660386107480318e-10	-4.83610514599681e-10	-2.48689878831438e-7	7.540759613758883e-8	-2.619170981329654e-7	-5.841788569674504e-7	0.2500000625592209	0.12264780785917553	-7.954720993135216e-7	-7.461429923222296e-7	5.0724593677730495e-8	2.2194086744635466e-8	4.849082702005462e-8	1.6425735068298896e-8	-1.2192151692567125e-5	-7.217130016779849e-6	-6.779510908070578e-7	-3.720999864304643e-7	1.0615100621915355e-7
29.0	1.9618580754863742e-9	3.633897380267383e-11	6.666220300276296e-11	-1.8779509074240035e-11	-3.7199401954452064e-12	4.5812469754578316e-11	1.1211969340438742e-11	1.4342184547659888e-9	5.8131665219507645e-8	3.0456142802085995e-11	3.6691535143921276e-11	-1.0981576245377884e-11	9.905027753389458e-12	5.988139749427847e-12	-1.745423305018529e-11	8.232160990473365e-8	3.48085836017199e-7	8.095762570237991e-11	1.432159892249396e-10	3.1274298206221407e-6	3.2306146009013215e-6	7.958170900517525e-10	5.100526631395526e-10	-1.5331008690708952e-7	1.163961048407646e-7	-3.279813899887818e-7	-4.2112397406390505e-7	0.12264780785917553	0.25000010428665054	-1.8065995921008257e-6	-1.0545082089179897e-6	2.6178087390296353e-8	-9.016693428356981e-9	8.230770367990921e-8	1.974606460047693e-7	-1.7443488192986568e-5	-1.0865933845546016e-5	-5.742656866614509e-7	-2.930235692374767e-7	2.2828028403945824e-7
30.0	8.016170049460654e-9	-9.441758198237985e-12	-1.5180152317666594e-11	1.236913910805934e-11	1.350870503588848e-11	-1.3067984870724343e-11	-2.5145381950672785e-12	-1.514527254333e-9	-2.3370504527334872e-8	-7.592258767537809e-12	-7.526824332080705e-12	-6.643147682032364e-12	-1.0123185573203888e-11	4.532489647603597e-12	3.273423948999602e-12	-1.071812864827282e-8	4.676691518932337e-7	1.4288661103328435e-11	-1.4892592391221465e-11	-1.0539679575844113e-6	-7.443121731416169e-7	-1.0676047799627803e-10	4.688529009512612e-12	2.775274876678683e-8	1.0884669054751731e-7	-4.252769178834795e-9	3.9385181256617465e-10	-7.954720993135216e-7	-1.8065995921008257e-6	0.2500001456414128	0.12034780526117761	-1.4025661685580046e-6	-8.668385538174159e-8	2.103268919113718e-6	5.340918406879375e-6	4.1937888116823705e-7	2.5291198366980867e-7	2.562005806511624e-7	1.7127542787040215e-7	-1.3909450716090606e-7
31.0	1.0778663800812227e-8	-9.737180184260127e-12	-1.4165499315776852e-11	7.780357759448237e-12	7.353863379040051e-12	-1.828849817392423e-11	-6.335720460138408e-12	8.019299749499208e-10	-9.092873145886526e-9	-9.563397774250081e-12	-7.354884461749984e-12	-7.033946672419221e-12	-1.1010631992956504e-11	5.572040304258951e-12	3.9468200290461075e-12	-2.3798895207435407e-8	7.288535852684099e-7	1.1165262062844159e-11	-4.602645109843485e-11	-7.967047538580928e-7	-6.805980570694439e-7	-1.1263699753176172e-10	-2.1433799405672683e-10	-2.081127755982357e-8	7.369788784203661e-8	-7.112785903336253e-10	1.996867526520089e-9	-7.461429923222296e-7	-1.0545082089179897e-6	0.12034780526117761	0.2500001320486992	-3.1873085141877107e-6	-4.0650804472829185e-7	8.865140549560682e-8	1.56833144206512e-6	2.8934492254060023e-7	2.1765865978733585e-7	2.1365203544719386e-7	7.052572994078782e-8	-9.816904864040582e-8
32.0	7.447791405669646e-6	-7.89867645966944e-9	-1.5080341800709794e-9	-1.0444235284692263e-8	1.2581419661122434e-8	-1.0777939985608156e-8	2.425227164458223e-10	1.0807896697959717e-5	2.554493323676998e-6	5.994956032427499e-10	-3.873024952328578e-9	-1.0145363550855194e-9	-9.36654338260689e-9	2.2129940040326297e-8	2.9903775052295436e-8	2.3574738259790413e-5	6.71279427579767e-5	-4.078224296288495e-7	-1.9659041950904052e-7	-0.00025611838105252596	-5.779707225784386e-5	1.9867352538027554e-8	3.8166932521504545e-8	-9.212708362209251e-5	0.000710807330883641	4.510964365639607e-9	5.110754653360855e-9	5.0724593677730495e-8	2.6178087390296353e-8	-1.4025661685580046e-6	-3.1873085141877107e-6	0.2500001165228573	-1.7750429042636675e-6	4.992455839961825e-7	2.369046187165276e-7	8.30229673074298e-7	5.509843328401989e-7	-1.33410398239549e-6	-6.78460452096586e-7	-0.0015601486863791815
33.0	-9.739528699630467e-7	6.420223397853019e-10	-1.7728917361653346e-10	8.294986640042915e-10	-9.110484289463712e-10	1.1477658110955356e-10	-1.216177808595617e-9	-8.868298287488753e-7	1.1795384406448128e-5	2.0069284930303265e-10	1.5363122851414406e-10	2.2419294322968255e-10	5.513713745284541e-10	-2.219900968749003e-9	-2.3768371853673005e-9	-1.7195107018973551e-6	-6.508111650819896e-6	1.1495268075134417e-8	7.736335672403984e-9	-9.218751316098211e-5	-2.0062104676115376e-5	-4.961898689515182e-9	-8.401961220108177e-9	-0.0002894610636403624	-0.00032623672368593516	-1.5788813927392716e-8	-1.151809145351678e-8	2.2194086744635466e-8	-9.016693428356981e-9	-8.668385538174159e-8	-4.0650804472829185e-7	-1.7750429042636675e-6	0.25000006703024863	3.3690267927493138e-6	1.4714350989445614e-6	-7.570313217478836e-7	-4.350190032922074e-7	2.139324358831913e-7	1.575744491170455e-7	-0.0043298486071547656
34.0	-5.117625309863174e-9	-4.706308529082913e-12	-9.020021455385186e-12	1.8192582453174294e-12	-1.2471640962764332e-12	-3.8191098506923415e-12	-2.5017079549972855e-12	2.005283721639813e-9	7.015329337867758e-9	-2.9604681338621735e-12	-1.4165569351231486e-12	-3.265515994435729e-12	-5.0467915323008114e-12	6.365909833923481e-13	5.670869525480253e-13	-1.3287619188978367e-8	-4.1674555320485766e-7	-1.922900950109973e-12	-1.5931824861745967e-13	-4.5579042325850337e-7	-4.5558983396005625e-7	1.8001802178931706e-11	-2.7387596446578357e-11	3.573662812656804e-8	-6.959761141364962e-8	-1.3297392152070248e-9	-7.684823477874743e-10	4.849082702005462e-8	8.230770367990921e-8	2.103268919113718e-6	8.865140549560682e-8	4.992455839961825e-7	3.3690267927493138e-6	0.2500000604686743	0.12122780625443096	-2.50693169162778e-7	-1.3391775151689518e-7	1.1827678945214613e-7	2.2266198531568575e-7	-2.8614076265120174e-7
35.0	-4.214170114999517e-9	-3.3056118360070456e-12	-6.640131894247716e-12	2.140181599876755e-12	-9.109742932877595e-13	-3.470438187337893e-12	-2.040569868083468e-12	5.670212518372237e-10	5.9985999175383295e-9	-2.601889530911777e-12	-2.748431272238908e-12	-1.0755777887920417e-12	-3.804766027177683e-12	3.086815264349938e-13	2.634377514751083e-13	-1.5510365171671226e-8	-2.9779831084764365e-7	-5.530504311873197e-12	-9.517810137457881e-14	-3.685353518051325e-7	-3.5622259462296074e-7	3.109200087619476e-11	2.315047942789428e-11	9.26891022612935e-9	-9.196183090375303e-8	-2.6050233342573215e-9	-2.5791151465361405e-10	1.6425735068298896e-8	1.974606460047693e-7	5.340918406879375e-6	1.56833144206512e-6	2.369046187165276e-7	1.4714350989445614e-6	0.12122780625443096	0.24999996194255092	-6.145695363120351e-7	-2.453915616099806e-7	2.523105500566725e-7	2.9198669802287703e-7	-2.720650371576313e-7
36.0	-3.1419078120400535e-9	1.872620386919938e-11	3.316165783062069e-11	-7.182851363074276e-12	-4.547190597164218e-12	1.6625206440132422e-11	4.868278700767827e-12	1.5041425419589968e-9	3.947888841512669e-9	8.181423053319356e-12	4.897819927110976e-12	1.250715803302753e-12	9.128366127407888e-12	-5.103692061683581e-12	-2.715573885699778e-12	-3.318512930214693e-8	-2.087245431734105e-7	1.4260935363967626e-11	2.71998035765501e-11	1.699824371495897e-6	1.5301468380156174e-6	3.1031038803050717e-10	1.0220388071581008e-10	-2.977007319749683e-8	1.0298027287874366e-7	-6.716772654515357e-9	-5.600262740231549e-9	-1.2192151692567125e-5	-1.7443488192986568e-5	4.1937888116823705e-7	2.8934492254060023e-7	8.30229673074298e-7	-7.570313217478836e-7	-2.50693169162778e-7	-6.145695363120351e-7	0.24999997932090637	0.13503315505207542	1.2509713502567162e-8	9.27897570408466e-8	8.508827172660821e-7
37.0	-3.903551214905751e-9	1.5575021777215544e-11	2.74850926239957e-11	-1.9623253777442051e-13	3.748084285143651e-12	1.4093805875327687e-11	5.175540407425083e-12	-5.708022547525791e-10	6.583322637281679e-9	5.391499071284396e-12	2.158968456436809e-12	2.8660358299903683e-12	8.441984358548397e-12	-2.7374951773177868e-12	-2.17808618621064e-12	-1.0751405732737473e-8	-1.7066738584767634e-7	9.846264044601564e-12	2.7410305004298057e-11	1.428761731453454e-6	1.2882475812206126e-6	1.7650047698057283e-10	-8.010925480141682e-12	5.3751899593593405e-9	4.3182856306945606e-8	-3.6989703594999363e-10	-9.458702701367854e-10	-7.217130016779849e-6	-1.0865933845546016e-5	2.5291198366980867e-7	2.1765865978733585e-7	5.509843328401989e-7	-4.350190032922074e-7	-1.3391775151689518e-7	-2.453915616099806e-7	0.13503315505207542	0.24999995336892014	-3.165103739253261e-7	-7.081594005803532e-8	7.283314318379034e-7
38.0	2.48295809093434e-8	2.8428995050075e-11	5.188406610648057e-11	8.346449608321438e-12	1.7954170816896525e-11	2.7348037137283572e-11	8.322056386384957e-12	-8.585405145244487e-9	-8.84890453888968e-8	1.8186897101774483e-11	1.2543837857900137e-11	-1.585364627838408e-11	4.48216801889206e-12	-1.0915597931884405e-11	-3.2946959758966636e-12	1.6483237553557704e-7	7.765320139638471e-7	7.354967180307018e-12	1.8368738829917875e-11	2.7652173492833414e-6	2.549025207054582e-6	-3.1518459341461947e-10	4.316274704233557e-11	5.474373074297927e-7	8.469718087989195e-8	-2.5994995608230134e-8	-2.0052720551063512e-7	-6.779510908070578e-7	-5.742656866614509e-7	2.562005806511624e-7	2.1365203544719386e-7	-1.33410398239549e-6	2.139324358831913e-7	1.1827678945214613e-7	2.523105500566725e-7	1.2509713502567162e-8	-3.165103739253261e-7	0.2500000261631885	0.12964271466821897	1.2871432600042148e-6
39.0	1.5884666362903e-8	1.7436023358852022e-11	3.2005646998058196e-11	2.419719765003025e-12	8.94432610723037e-12	1.7004495903721402e-11	6.3496278710466795e-12	-9.157132107649612e-9	-8.885281280716257e-8	1.1740829698416544e-11	7.99238935362472e-12	-1.3162088024497884e-11	3.6967178364877733e-13	-6.560323238867673e-12	-3.573258241880407e-12	9.627047133769463e-8	4.840699021278152e-7	-2.424709318512539e-11	-1.649565500748503e-11	1.6789730938361613e-6	1.5353483078859968e-6	-7.32968861740788e-10	-3.941520013942681e-10	4.1016812550099987e-7	7.217581114939733e-7	1.2148844253420433e-7	2.3812143478058617e-8	-3.720999864304643e-7	-2.930235692374767e-7	1.7127542787040215e-7	7.052572994078782e-8	-6.78460452096586e-7	1.575744491170455e-7	2.2266198531568575e-7	2.9198669802287703e-7	9.27897570408466e-8	-7.081594005803532e-8	0.12964271466821897	0.2500000325489997	2.70011056373426e-6
40.0	3.4376904736954284e-5	1.6364886428375886e-8	3.3103349951391295e-8	-3.762894322353896e-8	-5.6036913411711775e-8	7.195697599060763e-9	-6.803544841602784e-9	-2.4095942968752495e-7	-9.801802683885022e-7	6.352857504188131e-9	1.66669748301882e-8	6.669326855125655e-9	1.2420098982354308e-8	-8.809887284333732e-9	-6.15256967236032e-9	0.0002656966258846353	0.0006645826227478903	7.036297303204711e-9	2.2971118385521122e-8	0.0019719440157283594	0.0021444573251965873	-1.4303651992523877e-8	9.967422237133062e-9	-0.0010041676299505679	-0.0004929414710766529	2.374461509901052e-8	-7.404168781153959e-11	1.0615100621915355e-7	2.2828028403945824e-7	-1.3909450716090606e-7	-9.816904864040582e-8	-0.0015601486863791815	-0.0043298486071547656	-2.8614076265120174e-7	-2.720650371576313e-7	8.508827172660821e-7	7.283314318379034e-7	1.2871432600042148e-6	2.70011056373426e-6	0.25000001682255835
